10784.0
4623.0
5919.0
4590.0
1938.0
2593.0
4832.0
7755.0
8897.0
1517.0
10784.0
4623.0
1938.0
5919.0
2593.0
1517.0
4832.0
8897.0
428.0
1622.0
10784.0
4623.0
1938.0
5919.0
4832.0
1517.0
8897.0
428.0
7755.0
2593.0
10784.0
4623.0
1938.0
5919.0
7755.0
428.0
4832.0
8897.0
1517.0
2593.0
10784.0
1938.0
4623.0
7755.0
5919.0
4832.0
428.0
8897.0
1517.0
2593.0
10784.0
1938.0
4623.0
7755.0
5919.0
4832.0
428.0
8897.0
1517.0
2374.0
10784.0
1938.0
7755.0
4623.0
5919.0
4832.0
428.0
1517.0
2374.0
8897.0
10784.0
1938.0
7755.0
4623.0
5919.0
4832.0
428.0
2374.0
1517.0
8897.0
10784.0
1938.0
7755.0
4623.0
5919.0
4832.0
2374.0
428.0
1517.0
8897.0
10784.0
7755.0
1938.0
4623.0
5919.0
4832.0
2374.0
428.0
1517.0
8897.0
10784.0
7755.0
1938.0
4623.0
5919.0
4832.0
2374.0
428.0
1517.0
8903.0
10784.0
7755.0
1938.0
4623.0
5919.0
4832.0
2374.0
428.0
1517.0
8903.0
10784.0
7755.0
1938.0
4623.0
5919.0
4832.0
2374.0
428.0
1622.0
5918.0
10784.0
7755.0
1938.0
4623.0
5919.0
4832.0
2374.0
1622.0
428.0
5918.0
10784.0
7755.0
1938.0
4623.0
5919.0
4832.0
2374.0
109.0
1622.0
5918.0
10784.0
7755.0
1938.0
4623.0
5919.0
4832.0
2374.0
109.0
1622.0
5918.0
10784.0
7755.0
1938.0
4623.0
5919.0
4832.0
2374.0
109.0
1622.0
5918.0
10784.0
7755.0
1938.0
4623.0
5919.0
4832.0
2374.0
109.0
1622.0
5918.0
10784.0
7755.0
1938.0
4623.0
5919.0
4832.0
2374.0
109.0
1622.0
5918.0
10784.0
7755.0
1938.0
4623.0
5919.0
4832.0
2374.0
109.0
1622.0
5918.0
10784.0
7755.0
1938.0
4623.0
5919.0
4832.0
109.0
2374.0
1622.0
5918.0
10784.0
7755.0
1938.0
4623.0
5919.0
4832.0
109.0
2374.0
1622.0
5918.0
10784.0
7755.0
4623.0
1938.0
5919.0
4832.0
109.0
2374.0
1622.0
7108.0
10784.0
7755.0
4623.0
1938.0
5919.0
4832.0
109.0
2374.0
1622.0
7108.0
10784.0
7755.0
4623.0
1938.0
5919.0
109.0
4832.0
2374.0
1622.0
7108.0
10784.0
7755.0
4623.0
1938.0
5919.0
109.0
4832.0
2374.0
1622.0
7108.0
10784.0
7755.0
4623.0
1938.0
5919.0
109.0
4832.0
2374.0
1622.0
7108.0
10784.0
7755.0
4623.0
1938.0
5919.0
109.0
4832.0
1622.0
7108.0
2374.0
10784.0
7755.0
4623.0
1938.0
5919.0
109.0
4832.0
7108.0
1622.0
2374.0
10784.0
7755.0
4623.0
1938.0
5919.0
109.0
4832.0
7108.0
1622.0
2374.0
10784.0
7755.0
4623.0
1938.0
5919.0
109.0
4832.0
7108.0
1622.0
2374.0
10784.0
7755.0
4623.0
1938.0
109.0
5919.0
7108.0
4832.0
1622.0
2374.0
10784.0
7755.0
4623.0
1938.0
109.0
5919.0
7108.0
1622.0
4832.0
2374.0
10784.0
7755.0
4623.0
1938.0
109.0
5919.0
7108.0
1622.0
4832.0
2374.0
10784.0
7755.0
4623.0
1938.0
109.0
5919.0
7108.0
1622.0
4832.0
2374.0
10784.0
7755.0
4623.0
1938.0
109.0
5919.0
7108.0
1622.0
4832.0
2374.0
10784.0
7755.0
4623.0
1938.0
109.0
5919.0
7108.0
1622.0
4832.0
2374.0
10784.0
7755.0
4623.0
1938.0
109.0
5919.0
7108.0
1622.0
4832.0
2374.0
10784.0
7755.0
4623.0
1938.0
109.0
5919.0
7108.0
1622.0
2374.0
4832.0
10784.0
7755.0
4623.0
1938.0
109.0
5919.0
7108.0
1622.0
2374.0
4832.0
10784.0
7755.0
4623.0
1938.0
109.0
7108.0
5919.0
1622.0
2374.0
4832.0
10784.0
7755.0
4623.0
1938.0
109.0
7108.0
5919.0
1622.0
2374.0
4832.0
10784.0
7755.0
4623.0
1938.0
109.0
7108.0
5919.0
1622.0
2374.0
4832.0
10784.0
7755.0
4623.0
1938.0
109.0
7108.0
1622.0
5919.0
2374.0
5918.0
10784.0
7755.0
4623.0
109.0
1938.0
7108.0
1622.0
5919.0
2374.0
5918.0
10784.0
7755.0
4623.0
109.0
1938.0
7108.0
1622.0
5919.0
2374.0
5918.0
10784.0
7755.0
4623.0
109.0
1938.0
7108.0
1622.0
5919.0
2374.0
5918.0
10784.0
7755.0
4623.0
109.0
1938.0
7108.0
1622.0
5919.0
2374.0
7996.0
10784.0
7755.0
4623.0
109.0
1938.0
7108.0
1622.0
5919.0
2374.0
7996.0
10784.0
7755.0
4623.0
109.0
1938.0
7108.0
1622.0
5919.0
7996.0
2374.0
10784.0
7755.0
4623.0
109.0
1938.0
7108.0
1622.0
5919.0
7996.0
2374.0
10784.0
7755.0
4623.0
109.0
7108.0
1938.0
1622.0
5919.0
7996.0
6290.0
10784.0
7755.0
109.0
4623.0
7108.0
1938.0
1622.0
7996.0
5919.0
6290.0
10784.0
7755.0
109.0
4623.0
7108.0
1938.0
1622.0
7996.0
5919.0
6290.0
10784.0
7755.0
109.0
4623.0
7108.0
1622.0
1938.0
7996.0
5919.0
6290.0
10784.0
7755.0
109.0
4623.0
7108.0
1622.0
1938.0
7996.0
6290.0
5919.0
10784.0
7755.0
109.0
4623.0
7108.0
1622.0
1938.0
7996.0
6290.0
5919.0
10784.0
7755.0
109.0
4623.0
1622.0
7108.0
1938.0
7996.0
6290.0
6173.0
10784.0
7755.0
109.0
1622.0
4623.0
7108.0
6290.0
6173.0
1938.0
7996.0
10784.0
7755.0
109.0
1622.0
4623.0
7108.0
6173.0
6290.0
5675.0
7996.0
10784.0
7755.0
109.0
1622.0
6173.0
5675.0
6290.0
4623.0
7108.0
4547.0
10784.0
7755.0
109.0
1622.0
6290.0
4590.0
5696.0
4623.0
6173.0
6882.0
