0.94346994
0.0047760727
0.0018529665
0.0009045799
0.000818412
0.00079713145
0.00077121315
0.00075157307
0.00063661323
0.0005982153
0.928692
0.007931192
0.005971758
0.0023634026
0.0020902874
0.0015116626
0.0011087217
0.00089617254
0.00069448794
0.0006577036
0.92290413
0.009932771
0.0077171996
0.0031627587
0.0031302222
0.0013234876
0.0012077949
0.0009567633
0.00073344784
0.00065998035
0.9458344
0.006440914
0.0052343043
0.0021493733
0.0021171505
0.0008890563
0.0008230998
0.0007049705
0.00058354915
0.00044199202
0.948824
0.00558095
0.0046484508
0.0019498247
0.0017905349
0.0008676435
0.00073022686
0.0006878546
0.0005669754
0.00043407318
0.95386267
0.004691556
0.0040759584
0.001689669
0.0015266153
0.0007987275
0.0006365886
0.0006293101
0.00050191715
0.00042386047
0.9554887
0.0042698365
0.0038294392
0.0016076104
0.0014278202
0.0007802093
0.0006261746
0.00058084534
0.00046849585
0.00043564854
0.9576297
0.0038730348
0.0035690553
0.0015276725
0.0013441992
0.00074764394
0.00060550467
0.0005313248
0.00043592614
0.0004312032
0.9594347
0.0035497255
0.0033412608
0.0014636657
0.0012715517
0.0007150477
0.0005893866
0.0004901787
0.00043148955
0.0004229118
0.9604515
0.0033279574
0.0031897638
0.0014227952
0.0012317577
0.00069471006
0.0005839343
0.000463633
0.00043243569
0.0004299511
0.96083504
0.0031849206
0.003099586
0.0013998604
0.0012186684
0.0006868254
0.0005857686
0.000449231
0.0004480371
0.0004326168
0.96102947
0.003074105
0.0030273718
0.0013803373
0.0012115454
0.0006834185
0.0005885208
0.00046823814
0.0004366112
0.00043617777
0.96110797
0.0029848875
0.0029642445
0.0013637742
0.0012055183
0.00068262493
0.00059158687
0.00048786882
0.00044077757
0.0004279917
0.96112186
0.0029117584
0.0029074908
0.0013496596
0.0011994613
0.0006831802
0.0005946539
0.0005073182
0.0004461606
0.00042124247
0.96108806
0.0028574262
0.0028526015
0.0013383153
0.0011936768
0.0006846207
0.00059775246
0.00052639673
0.00045219215
0.00041587476
0.9610196
0.0028138966
0.002805483
0.0013299033
0.0011883649
0.0006866495
0.0006008592
0.0005450185
0.0004587197
0.00041152007
0.96098894
0.002772588
0.00276371
0.0013223172
0.0011815131
0.00068810617
0.00060299586
0.0005622952
0.00046488247
0.00041092632
0.9609631
0.0027345973
0.0027273854
0.0013169405
0.0011740087
0.0006896752
0.00060477207
0.0005785742
0.00047102975
0.00041480415
0.9608436
0.002704524
0.0027023016
0.0013175972
0.0011688034
0.0006928056
0.00060771906
0.00059514766
0.00047832637
0.0004194423
0.9606947
0.0026837601
0.0026782323
0.0013219059
0.0011644671
0.00069611036
0.0006114104
0.00061091676
0.00048599398
0.00042409566
0.96051127
0.0026717698
0.0026560517
0.0013301774
0.0011611057
0.0006995282
0.00062752084
0.00061445456
0.0004941492
0.0004288801
0.96029586
0.0026656536
0.0026375894
0.0013425124
0.0011586532
0.0007028971
0.0006435038
0.0006183076
0.00050281384
0.00043383785
0.96004826
0.0026650678
0.002622474
0.0013591665
0.0011570891
0.0007060949
0.0006594288
0.0006224904
0.00051202124
0.00043901568
0.9598649
0.0026685463
0.0026066278
0.001375556
0.0011533806
0.0007074522
0.0006733472
0.0006251197
0.0005205726
0.00044359622
0.95968306
0.0026771475
0.0025916966
0.001395193
0.0011491505
0.0007079411
0.00068638613
0.00062742416
0.00052933063
0.00044814375
0.95947045
0.002691485
0.002578998
0.0014197447
0.0011456268
0.0007080428
0.00069923815
0.00063001004
0.0005387073
0.00045302228
0.95921755
0.0027111608
0.0025683348
0.0014500052
0.0011432142
0.0007122537
0.0007079034
0.0006330404
0.0005487771
0.0004651321
0.95893574
0.0027352716
0.0025585925
0.0014862013
0.0011417412
0.0007254127
0.0007074269
0.0006363834
0.0005592566
0.0004799248
0.9585507
0.0027649018
0.0025511072
0.0015314681
0.0011410682
0.00073963654
0.00070770824
0.0006412128
0.0005702458
0.00049639517
0.9580749
0.0027989545
0.0025455258
0.0015872658
0.0011400146
0.00075519754
0.0007084479
0.00064743706
0.00058133237
0.0005146347
0.95756745
0.0028401522
0.002541653
0.0016518785
0.0011395032
0.00077146303
0.0007085367
0.00065411674
0.0005924228
0.0005339201
0.9570242
0.0028876415
0.0025385788
0.0017261372
0.0011396619
0.0007885152
0.0007084549
0.00066110183
0.0006035772
0.00055461697
0.9564593
0.002941872
0.0025361588
0.0018108902
0.0011404674
0.00080632244
0.0007080901
0.00066810497
0.000614392
0.0005766124
0.9558876
0.0030042042
0.002534609
0.0019062114
0.0011420042
0.00082473963
0.0007074462
0.0006746821
0.0006244316
0.00059984263
0.9553267
0.0030767862
0.002534221
0.00201154
0.0011445802
0.00084367313
0.00070671283
0.00068021944
0.0006334498
0.0006243608
0.9547961
0.0031612318
0.0025353993
0.00212487
0.0011480143
0.00086248433
0.0007063015
0.00068449386
0.00064970006
0.00064115634
0.9543139
0.0032621191
0.0025388964
0.002246677
0.001152498
0.00088013825
0.00070647144
0.0006880364
0.0006757041
0.000647664
0.9538846
0.0033783345
0.002545535
0.002376119
0.0011578854
0.0008971754
0.0007074256
0.00070215034
0.0006904729
0.0006528786
0.9535063
0.0035084158
0.0025551107
0.0025122464
0.0011637261
0.00091420737
0.0007285124
0.0007099053
0.00069168693
0.00065707054
0.9531585
0.003651654
0.002657172
0.0025670652
0.0011692677
0.0009319127
0.0007542977
0.0007154639
0.00069231255
0.00066136534
0.9528179
0.0038031328
0.002814411
0.0025807184
0.0011732591
0.0009518506
0.0007792304
0.00072634366
0.00069284736
0.00066743366
0.95257664
0.003945661
0.0029795682
0.0025954472
0.001174042
0.0009749677
0.0008017541
0.0007431838
0.0006913586
0.000675579
0.95329684
0.0040255412
0.003094689
0.0025934838
0.0011635071
0.00098509
0.0008071285
0.0007534056
0.0006741744
0.0006719887
0.9551021
0.004032764
0.0031387405
0.002559272
0.001137323
0.0009726708
0.00079184625
0.00075034297
0.0006592822
0.0006332025
0.9570255
0.004023865
0.003163749
0.0025123712
0.0011056567
0.0009535616
0.0007722701
0.00074430753
0.0006418795
0.0005933483
0.9588704
0.0040160804
0.003181192
0.0024656071
0.0010740369
0.0009320233
0.0007511442
0.0007377008
0.00062378106
0.0005552099
0.9606075
0.0040113605
0.0031953794
0.0024186166
0.001042743
0.0009096622
0.00073046936
0.000729358
0.0006056251
0.0005191427
0.9622107
0.00401046
0.0032124948
0.0023717855
0.0010119705
0.0008867728
0.0007230147
0.0007072144
0.0005875361
0.000499288
0.9636595
0.004015981
0.0032387893
0.0023255886
0.0009820068
0.0008638109
0.0007155394
0.0006851506
0.00056956796
0.0004830084
0.9649282
0.00403154
0.003279917
0.0022835121
0.0009537623
0.0008418537
0.0007087658
0.00066443125
0.000552747
0.00046755644
0.96600205
0.004065347
0.0033415542
0.0022476406
0.00092826743
0.0008218035
0.0007031189
0.0006456552
0.00053704635
0.00045406012
0.9668376
0.0041297786
0.003428706
0.0022231601
0.0009076679
0.00080506154
0.00069835054
0.0006302534
0.0005228416
0.00044498578
0.9673848
0.004242376
0.0035447695
0.0022170101
0.00089479686
0.00079349714
0.00069482456
0.000619264
0.0005103631
0.00043711322
0.96757674
0.0044215107
0.0036898283
0.002236782
0.000892363
0.0007888681
0.00069484574
0.0006139365
0.0005006321
0.00043245644
0.96735436
0.004679689
0.0038657968
0.002287628
0.00090163766
0.00079277926
0.00070169265
0.00061410107
0.00049521046
0.0004338632
0.9665803
0.005025252
0.0040923366
0.0023714032
0.0009219914
0.00080790336
0.0007227607
0.0006188954
0.0004980233
0.00044602496
0.9649799
0.005469984
0.0044109602
0.0024958628
0.0009556071
0.00084014947
0.00076947187
0.0006273357
0.00051392184
0.00047556622
0.963408
0.005898075
0.004751587
0.0026318699
0.0009867009
0.00087107025
0.0008214646
0.0006174928
0.0005247633
0.0005064361
0.9638399
0.0060416586
0.0050780326
0.0026072476
0.00093524053
0.0008520222
0.0008344795
0.00053678185
0.00049742754
0.0004956915
0.9600876
0.0067342445
0.006622958
0.0024086502
0.0010127686
0.00090561673
0.00080612616
0.0005269816
0.0004834294
0.00047805664
0.9145865
0.013927197
0.0124566555
0.0048254095
0.002034686
0.0020210887
0.0015829968
0.0011988608
0.0009834039
0.00079247646
0.9236247
0.026047671
0.0066720354
0.0049895234
0.0022648624
0.0016241259
0.001233993
0.0009419048
0.00073055143
0.00069334236
