8.0
0.044461474
0.6590638
0.21617699
1.1453997
0.59921473
8.0
0.043669224
0.4649291
0.6086322
0.9409791
1.0119842
8.0
0.04361226
0.661003
0.41619426
1.1417301
0.7991341
8.0
0.043460142
0.06711826
0.19703448
0.5511235
0.5881934
8.0
0.04311839
0.0631938
0.6130031
0.51993674
1.0145034
8.0
0.043108724
0.37733752
0.19843051
0.86474544
0.5898752
8.0
0.04301132
0.06728485
0.3979326
0.54982173
0.7871955
8.0
0.042905495
0.2653046
0.6079781
0.74129295
1.0115767
8.0
0.042273883
0.27665532
0.29716256
0.7657567
0.6890732
8.0
0.042253852
0.47711188
0.2960769
0.96269447
0.69037586
8.0
0.042178333
0.37615386
0.39740914
0.8635819
0.78778416
8.0
0.04093834
0.5777921
0.5060073
1.0524087
0.9006078
8.0
0.03983479
0.6509335
0.6211886
1.1241832
1.0136564
8.0
0.03965105
0.58092856
0.10406199
1.0523376
0.49688438
8.0
0.039465517
0.27887672
0.10017614
0.7612143
0.48980647
8.0
0.037832774
0.07026681
0.00707072
0.5389482
0.38364628
15.0
0.037757743
0.23307693
0.037566513
0.4790181
0.43786943
19.0
0.03913215
0.26307985
0.26260036
0.75435674
0.776465
19.0
0.038442146
0.25605503
0.46186918
0.7544887
0.975864
20.0
0.038243946
0.5960938
0.58901983
0.8889096
0.8881144
29.0
0.041012324
0.75200486
0.077962235
0.8693656
0.37810344
29.0
0.04043889
0.365708
0.26262224
0.63856816
1.0784702
29.0
0.039497014
0.7506395
0.39421347
0.8684588
0.69291055
29.0
0.03949701
0.7506395
0.23631866
0.8684588
0.53501576
29.0
0.039156534
0.7504579
0.5519845
0.8684639
0.8512388
29.0
0.03809885
0.8024942
0.080265105
0.92559665
0.37954396
29.0
0.038040765
0.5686331
0.2608759
0.8362067
1.0866933
29.0
0.037953008
0.8016348
0.5031465
0.9246832
0.80078185
29.0
0.037940975
0.8016331
0.24000217
0.92468464
0.5376225
29.0
0.037677884
0.22445804
0.078144535
0.34154743
0.38019407
29.0
0.0376699
0.223416
0.23676884
0.34085646
0.53741884
29.0
0.0376699
0.223416
0.39466363
0.34085646
0.69531363
33.0
0.043244056
0.8522189
0.14182703
0.97953886
0.42954928
33.0
0.043002788
0.852576
0.56298697
0.9796202
0.8511822
33.0
0.042861626
0.852664
0.2999277
0.9796815
0.58782375
33.0
0.038225725
0.89899683
0.5586268
1.0361404
0.86226964
33.0
0.038060974
0.8990293
0.24270324
1.0362761
0.54658175
33.0
0.03806097
0.8990293
0.40059802
1.0362761
0.7044765
33.0
0.037979804
0.8995196
0.083976924
1.0361754
0.3878356
34.0
0.041715156
0.13489705
0.16297123
0.32925215
0.7862041
34.0
0.038588315
0.13632244
0.45836693
0.3250662
1.0765247
34.0
0.038503192
0.23321688
0.25172925
0.4251904
0.89596653
38.0
0.04605908
0.36419374
0.05989471
0.6396355
0.8705218
38.0
0.043017328
0.56782335
0.061284393
0.8387926
0.8766887
38.0
0.039263584
0.43367267
0.37824142
1.3625565
0.6673415
38.0
0.03847987
0.16651267
0.051209897
0.4436308
0.8799721
38.0
0.038331196
0.4391019
0.57651126
1.3607819
0.86692846
38.0
0.037657835
0.22079548
0.18379964
1.1548332
0.4718802
40.0
0.038055632
0.44306263
0.5553906
0.6237676
1.1862257
40.0
0.037967775
0.34276518
0.55564237
0.52389884
1.1857265
40.0
0.03790746
0.24353471
0.55069256
0.4264715
1.1814762
40.0
0.03787821
0.54256076
0.5551089
0.7225233
1.186571
43.0
0.04169203
0.3652457
0.20232368
0.999743
0.7141749
43.0
0.0400153
0.363626
0.4062215
0.99789524
0.91518223
43.0
0.040012036
0.24818595
0.33122712
0.7115801
0.545591
43.0
0.039611604
0.14937732
0.5319606
0.6140411
0.7456875
43.0
0.039598886
0.24946268
0.43094262
0.7121095
0.6456561
43.0
0.03888223
0.1460991
0.23162496
0.6150769
0.44605738
43.0
0.038242564
0.35207698
0.5307557
0.8142154
0.744692
43.0
0.037864704
0.34814703
0.23052834
0.81501997
0.44538897
45.0
0.039639495
0.5069051
0.44302964
0.9963707
0.7094506
45.0
0.038574103
0.407037
0.34100118
0.8993076
0.6124935
45.0
0.03831981
0.4074921
0.5420793
0.8993034
0.8127358
45.0
0.03829792
0.30825496
0.43948585
0.7976465
0.71172553
45.0
0.03812693
0.20670366
0.33953005
0.6970912
0.61214036
45.0
0.038121812
0.5070387
0.14136899
0.99090195
0.4021446
68.0
0.049768966
0.7071273
0.18920246
0.8944884
0.3996863
68.0
0.04898125
0.70687366
0.5584209
0.8943206
0.76919293
68.0
0.048934557
0.70685637
0.45318538
0.8943137
0.6639505
68.0
0.048934545
0.70685637
0.29529056
0.8943137
0.5060557
68.0
0.047590602
0.7072656
0.66340876
0.89443624
0.87513185
68.0
0.045715485
0.5484564
0.19134325
0.73734695
0.39799738
68.0
0.045691058
0.28528476
0.19136533
0.47418946
0.3979729
68.0
0.045691058
0.39054793
0.19136533
0.57945263
0.3979729
68.0
0.04545021
0.7659853
0.13956153
0.9462591
0.3462848
68.0
0.045101047
0.5484791
0.56029594
0.73672616
0.7670765
68.0
0.045096435
0.2853124
0.5603075
0.47356814
0.767058
68.0
0.04509643
0.3905756
0.5603075
0.5788313
0.767058
68.0
0.045075275
0.5484662
0.45505482
0.73673725
0.6618356
68.0
0.04507527
0.5484662
0.29716003
0.73673725
0.5039409
68.0
0.045070753
0.44319448
0.45506656
0.63147247
0.6618165
68.0
0.04507075
0.2852997
0.29717177
0.4735777
0.5039217
68.0
0.04507075
0.39056286
0.29717177
0.5788409
0.5039217
68.0
0.04507075
0.33793128
0.34980336
0.5262093
0.55655324
68.0
0.04507075
0.44319448
0.34980336
0.63147247
0.55655324
68.0
0.04507075
0.2852997
0.40243495
0.4735777
0.60918486
68.0
0.04507075
0.39056286
0.40243495
0.5788409
0.60918486
68.0
0.04507075
0.49582598
0.40243495
0.68410397
0.60918486
68.0
0.04507075
0.33793128
0.50769806
0.5262093
0.714448
68.0
0.04507074
0.49582598
0.50769806
0.68410397
0.714448
68.0
0.045063306
0.7650061
0.24404696
0.94548815
0.4532511
68.0
0.04500321
0.44306046
0.6130471
0.63175315
0.81981456
68.0
0.0450032
0.33779722
0.6130471
0.5264899
0.81981456
68.0
0.04500148
0.3377055
0.24463871
0.5262501
0.4513184
68.0
0.04500148
0.44296873
0.24463871
0.63151336
0.4513184
68.0
0.044950265
0.76526356
0.50744474
0.9457419
0.71666396
68.0
0.044950258
0.76526356
0.34955004
0.9457419
0.55876935
68.0
0.044849962
0.7650938
0.6128952
0.9457048
0.8222241
68.0
0.04462428
0.5492805
0.6659482
0.7367238
0.8727402
68.0
0.044618025
0.28610015
0.6659529
0.47355956
0.8727243
68.0
0.044618014
0.39136332
0.6659529
0.57882273
0.8727243
68.0
0.044444032
0.60083336
0.24497706
0.78942233
0.4515103
68.0
0.044393387
0.65350926
0.6131544
0.8434994
0.82012165
68.0
0.044366486
0.23241273
0.61277497
0.42117724
0.819685
68.0
0.04436176
0.23251684
0.3495654
0.42091566
0.5564101
68.0
0.04436176
0.23251684
0.45482856
0.42091566
0.66167325
68.0
0.044318795
0.60106415
0.35012847
0.7895432
0.556719
68.0
0.044318788
0.60106415
0.50802314
0.7895432
0.7146137
68.0
0.044269767
0.23224717
0.24441913
0.42095476
0.45116565
68.0
0.044234093
0.65354323
0.40269792
0.8431597
0.6094122
68.0
0.044085834
0.12751628
0.19059972
0.32009083
0.39718992
68.0
0.044081245
0.70846874
0.08447754
0.89541894
0.29433894
68.0
0.043786008
0.6549457
0.14115417
0.8438582
0.34516394
68.0
0.04367528
0.3391943
0.14093551
0.5273027
0.3451539
68.0
0.04367528
0.44445747
0.14093551
0.6325659
0.3451539
68.0
0.043505874
0.12749332
0.5598631
0.32007417
0.76622593
68.0
0.043484434
0.12747532
0.29670942
0.3200782
0.5030841
68.0
0.043484434
0.12747532
0.40197256
0.3200782
0.60834724
68.0
0.04318295
0.17934644
0.50726056
0.36872172
0.7144922
68.0
0.042938918
0.23380971
0.14067411
0.4218412
0.34499463
68.0
0.04277768
0.18011957
0.6653881
0.36862648
0.87302697
68.0
0.042306073
0.5507592
0.08671178
0.73755884
0.29181242
68.0
0.042280372
0.28761134
0.08673161
0.47441784
0.29180884
68.0
0.042280372
0.3928745
0.08673161
0.57968104
0.29180884
68.0
0.041865204
0.44225207
0.7196329
0.6336127
0.92822057
68.0
0.041865196
0.3369889
0.71963286
0.5283495
0.9282206
68.0
0.041788526
0.70421106
0.7669068
0.89909595
0.98425156
68.0
0.04160019
0.54446775
0.76861227
0.74074787
0.982365
68.0
0.04158361
0.2812759
0.76860034
0.4775817
0.98234475
68.0
0.041583605
0.38653907
0.76860034
0.58284485
0.98234475
68.0
0.041448027
0.60016334
0.7200295
0.7914369
0.9284383
68.0
0.041410748
0.23154853
0.7194087
0.42324793
0.928013
68.0
0.040637836
0.17565069
0.7678389
0.37303016
0.98168534
68.0
0.040367994
0.18182147
0.086822465
0.37009948
0.29166663
68.0
0.03987804
0.12654601
0.71908313
0.3221467
0.92727727
68.0
0.039856773
0.76358855
0.718061
0.94693625
0.93032837
68.0
0.039642733
0.07534471
0.14417171
0.27036446
0.34427634
68.0
0.03830156
0.075204745
0.35314065
0.2700764
0.5561423
68.0
0.03830156
0.075204745
0.45840383
0.2700764
0.66140544
68.0
0.03821217
0.075088665
0.24815759
0.27004308
0.45083025
68.0
0.038094323
0.07533504
0.6165794
0.27043092
0.8192283
72.0
0.060461804
0.47694677
0.19711983
0.9637287
0.5903073
72.0
0.05960601
0.27653107
0.19802406
0.7661067
0.5893638
72.0
0.059195403
0.3773139
0.29765522
0.8643623
0.68964726
72.0
0.058507476
0.47604725
0.39585045
0.9617212
0.7888421
72.0
0.05756124
0.2755891
0.39714354
0.76500547
0.78709036
72.0
0.057513025
0.17566717
0.29468536
0.6664581
0.69194055
72.0
0.0559838
0.37917352
0.1004459
0.8601475
0.4904168
72.0
0.055568717
0.17830493
0.09841913
0.66203606
0.4919759
72.0
0.05314727
0.06711826
0.19703448
0.5511235
0.5881934
72.0
0.052485526
0.4829704
0.001477629
0.9442886
0.38844284
72.0
0.052040406
0.37304616
0.5050466
0.86471593
0.89794075
72.0
0.05198656
0.28222492
0.0035393238
0.74816895
0.38795084
72.0
0.051248297
0.06728485
0.3979326
0.54982173
0.7871955
72.0
0.05066174
0.17053017
0.50311583
0.6657014
0.8999296
72.0
0.04901647
0.5800706
0.3017124
1.0558771
0.6951629
72.0
0.04674141
0.07026681
0.00707072
0.5389482
0.38364628
72.0
0.046494905
0.58092856
0.10406199
1.0523376
0.49688438
72.0
0.0453452
0.5777921
0.5060073
1.0524087
0.9006078
72.0
0.03977595
0.661003
0.41619426
1.1417301
0.7991341
72.0
0.039426614
0.4649291
0.6086322
0.9409791
1.0119842
72.0
0.038816527
0.2653046
0.6079781
0.74129295
1.0115767
72.0
0.03839052
0.18673979
-0.077417806
0.6208351
0.30787742
76.0
0.03947321
0.028915942
0.18337618
0.95849055
0.47404873
85.0
0.054435436
0.47108793
0.2585559
0.95527756
0.7772436
85.0
0.05278855
0.26307985
0.26260036
0.75435674
0.776465
85.0
0.051835656
0.4653448
0.4591641
0.95656395
0.97655463
85.0
0.049946375
0.25605503
0.46186918
0.7544887
0.975864
85.0
0.048832014
0.2641651
0.05628003
0.752734
0.55490446
85.0
0.048324037
0.47002596
0.05375573
0.9532382
0.55600655
85.0
0.043724377
0.04537736
0.27680814
0.54504406
0.77133596
85.0
0.04160477
0.038319737
0.48117644
0.5481427
0.96870893
85.0
0.040232908
0.05268006
0.06594151
0.54643804
0.5519596
86.0
0.045121145
0.6590638
0.21617699
1.1453997
0.59921473
86.0
0.044214673
0.661003
0.41619426
1.1417301
0.7991341
86.0
0.044064157
0.6589237
0.019416392
1.1303995
0.40564534
86.0
0.043866996
0.43011492
0.5368918
0.68627256
0.9390799
86.0
0.043548226
0.3299095
0.53573716
0.58679616
0.9391159
86.0
0.042860843
0.52971613
0.5378524
0.7875097
0.9394617
86.0
0.04140749
0.22845538
0.53321725
0.48468363
0.93978626
86.0
0.041073933
0.7222602
0.54892707
0.99158865
0.96126366
86.0
0.040890086
0.4327533
0.3414328
0.6825533
0.73108566
86.0
0.040469944
0.33265364
0.33949327
0.5826776
0.73171735
86.0
0.040153466
0.5320055
0.34158355
0.78345066
0.732202
86.0
0.039870918
0.23032998
0.34036207
0.48047996
0.7335613
86.0
0.039416913
0.7242317
0.15558626
0.9892937
0.55545115
86.0
0.038702875
0.5331677
0.037898377
0.78228855
0.4369098
86.0
0.038583264
0.43396464
0.037904203
0.6814922
0.43724537
86.0
0.038572222
0.62811464
0.03907226
0.8828253
0.43901604
86.0
0.038327932
0.33375064
0.036832437
0.58169615
0.4379599
86.0
0.03830307
0.47711188
0.2960769
0.96269447
0.69037586
86.0
0.03802273
0.1776322
0.0032989085
0.6512071
0.3888784
86.0
0.037979864
0.625885
0.44045508
0.8867829
0.8364128
86.0
0.037790626
0.37733752
0.19843051
0.86474544
0.5898752
86.0
0.037765265
0.17566717
0.29468536
0.6664581
0.69194055
87.0
0.038394354
0.76558566
0.66477305
0.9453472
0.87542003
87.0
0.038344737
0.7652664
0.5600632
0.9457257
0.7692998
87.0
0.03833316
0.76526356
0.29691845
0.9457419
0.5061377
87.0
0.03833316
0.76526356
0.40218157
0.9457419
0.6114009
87.0
0.037818015
0.7659853
0.13956153
0.9462591
0.3462848
