10784.0
5696.0
4590.0
8477.0
6290.0
5919.0
6173.0
5918.0
3940.0
8902.0
10784.0
5696.0
4590.0
6173.0
8902.0
8477.0
5919.0
5918.0
7909.0
6290.0
10784.0
5696.0
4590.0
6173.0
8902.0
8477.0
5919.0
5918.0
7542.0
7909.0
10784.0
5696.0
4590.0
6173.0
8902.0
5919.0
8477.0
5918.0
7542.0
6290.0
10784.0
5696.0
4590.0
6173.0
8902.0
5919.0
8477.0
5918.0
7542.0
6882.0
10784.0
5696.0
4590.0
6173.0
8902.0
5919.0
5918.0
8477.0
7542.0
6882.0
10784.0
5696.0
4590.0
6173.0
8902.0
5919.0
5918.0
8477.0
7542.0
6882.0
10784.0
5696.0
4590.0
6173.0
8902.0
5919.0
5918.0
8477.0
6882.0
7542.0
10784.0
5696.0
4590.0
6173.0
8902.0
5919.0
5918.0
8477.0
6882.0
6290.0
10784.0
5696.0
4590.0
6173.0
8902.0
5919.0
5918.0
8477.0
6290.0
6882.0
10784.0
5696.0
4590.0
6173.0
8902.0
5919.0
5918.0
6290.0
8477.0
6882.0
10784.0
5696.0
4590.0
6173.0
8902.0
5919.0
5918.0
6290.0
8477.0
6882.0
10784.0
5696.0
4590.0
6173.0
8902.0
5919.0
5918.0
6290.0
6882.0
8477.0
10784.0
5696.0
4590.0
6173.0
8902.0
5919.0
5918.0
6290.0
6882.0
8477.0
10784.0
4590.0
5696.0
6173.0
8902.0
5919.0
5918.0
6290.0
6882.0
8477.0
10784.0
4590.0
5696.0
6173.0
8902.0
5919.0
5918.0
6290.0
6882.0
8477.0
10784.0
4590.0
5696.0
6173.0
8902.0
5919.0
5918.0
6290.0
6882.0
7909.0
10784.0
4590.0
5696.0
6173.0
8902.0
5919.0
5918.0
6290.0
6882.0
7909.0
10784.0
4590.0
5696.0
6173.0
8902.0
5919.0
5918.0
6290.0
6882.0
7909.0
10784.0
5696.0
4590.0
6173.0
8902.0
5919.0
6290.0
5918.0
6882.0
7909.0
10784.0
5696.0
4590.0
6173.0
8902.0
5919.0
6290.0
5918.0
6882.0
7909.0
10784.0
5696.0
4590.0
6173.0
8902.0
5919.0
6290.0
5918.0
6882.0
7909.0
10784.0
5696.0
4590.0
6173.0
8902.0
5919.0
6290.0
5918.0
6882.0
7909.0
10784.0
5696.0
4590.0
6173.0
8902.0
5919.0
6290.0
5918.0
6882.0
7909.0
10784.0
5696.0
4590.0
6173.0
8902.0
5919.0
6290.0
5918.0
6882.0
7909.0
10784.0
5696.0
4590.0
6173.0
8902.0
5919.0
6290.0
5918.0
6882.0
7909.0
10784.0
5696.0
4590.0
6173.0
8902.0
6290.0
5919.0
5918.0
6882.0
1938.0
10784.0
5696.0
4590.0
6173.0
8902.0
6290.0
5919.0
5918.0
6882.0
1938.0
10784.0
5696.0
4590.0
6173.0
8902.0
6290.0
5919.0
5918.0
6882.0
1938.0
10784.0
5696.0
4590.0
6173.0
8902.0
6290.0
5919.0
5918.0
6882.0
1938.0
10784.0
5696.0
4590.0
6173.0
8902.0
6290.0
5919.0
5918.0
6882.0
1938.0
10784.0
5696.0
4590.0
6173.0
8902.0
6290.0
5919.0
5918.0
6882.0
1938.0
10784.0
5696.0
4590.0
6173.0
8902.0
6290.0
5919.0
5918.0
6882.0
1938.0
10784.0
5696.0
4590.0
6173.0
8902.0
6290.0
5919.0
5918.0
6882.0
1938.0
10784.0
5696.0
4590.0
6173.0
8902.0
6290.0
5919.0
5918.0
6882.0
1938.0
10784.0
5696.0
4590.0
6173.0
8902.0
6290.0
5919.0
5918.0
1938.0
6882.0
10784.0
5696.0
4590.0
6173.0
8902.0
6290.0
5919.0
5918.0
1938.0
6882.0
10784.0
5696.0
4590.0
6173.0
8902.0
6290.0
5919.0
1938.0
5918.0
6882.0
10784.0
5696.0
4590.0
6173.0
8902.0
6290.0
1938.0
5919.0
5918.0
6882.0
10784.0
5696.0
6173.0
4590.0
8902.0
6290.0
1938.0
5919.0
5918.0
6882.0
10784.0
5696.0
6173.0
4590.0
8902.0
6290.0
1938.0
5919.0
5918.0
6882.0
10784.0
5696.0
6173.0
4590.0
8902.0
6290.0
1938.0
5919.0
5918.0
6882.0
10784.0
5696.0
6173.0
4590.0
8902.0
6290.0
1938.0
5919.0
6882.0
5918.0
10784.0
5696.0
6173.0
4590.0
8902.0
6290.0
1938.0
5919.0
6882.0
5918.0
10784.0
5696.0
6173.0
4590.0
8902.0
6290.0
1938.0
5919.0
6882.0
5918.0
10784.0
5696.0
6173.0
4590.0
8902.0
6290.0
1938.0
5919.0
6882.0
5918.0
10784.0
5696.0
6173.0
4590.0
8902.0
6290.0
5919.0
1938.0
6882.0
5918.0
10784.0
5696.0
6173.0
4590.0
8902.0
6290.0
5919.0
1938.0
6882.0
8477.0
10784.0
5696.0
6173.0
4590.0
8902.0
6290.0
5919.0
1938.0
6882.0
8477.0
10784.0
5696.0
6173.0
4590.0
8902.0
6290.0
5919.0
1938.0
6882.0
8477.0
10784.0
5696.0
6173.0
4590.0
8902.0
6290.0
5919.0
1938.0
6882.0
6685.0
10784.0
5696.0
6173.0
4590.0
8902.0
6290.0
5919.0
1938.0
6882.0
6685.0
10784.0
5696.0
6173.0
4590.0
8902.0
6290.0
5919.0
1938.0
6882.0
6685.0
10784.0
5696.0
6173.0
4590.0
8902.0
6290.0
5919.0
1938.0
6882.0
6685.0
10784.0
5696.0
6173.0
4590.0
8902.0
6290.0
5919.0
1938.0
6882.0
6685.0
10784.0
5696.0
6173.0
4590.0
8902.0
6290.0
5919.0
1938.0
6882.0
6685.0
10784.0
5696.0
6173.0
4590.0
8902.0
6290.0
5919.0
1938.0
6882.0
6685.0
10784.0
5696.0
6173.0
4590.0
8902.0
6290.0
5919.0
1938.0
6882.0
6685.0
10784.0
5696.0
6173.0
4590.0
8902.0
6290.0
5919.0
1938.0
6882.0
6685.0
10784.0
5696.0
6173.0
4590.0
5919.0
6290.0
8902.0
6685.0
5918.0
6882.0
10784.0
5696.0
6173.0
4590.0
5919.0
6290.0
8902.0
5918.0
6685.0
8477.0
10784.0
5696.0
6173.0
4590.0
8902.0
6290.0
5919.0
5918.0
4681.0
2593.0
