-0.07514068
-0.073273465
0.12699944
0.13110055
-0.11456518
-0.044151608
0.16469266
0.0916753
-0.04311974
-0.11508406
0.09311929
0.16720209
-0.020258874
-0.07484711
0.17895208
0.12717475
-0.06173992
-0.044975974
0.21828854
0.08996432
0.009091236
-0.11704949
0.14553997
0.16288345
0.03320337
-0.07586452
0.22980079
0.12716028
-0.009396642
-0.042831555
0.2740479
0.08788188
0.06217493
-0.11883269
0.19671677
0.16174619
0.08919948
-0.07885524
0.28185168
0.12536651
0.046105087
-0.04231459
0.32605368
0.08533603
0.11450878
-0.11737685
0.25090122
0.16061078
0.14054933
-0.0795928
0.33374745
0.12512976
0.09804134
-0.043278437
0.38030165
0.084778786
0.16825268
-0.11531872
0.30341825
0.16087088
0.19251354
-0.07973605
0.38618112
0.12550151
0.1504994
-0.04279663
0.43140644
0.08420704
0.22110769
-0.115634866
0.35596946
0.15990788
0.24515346
-0.08027678
0.43862143
0.12541883
0.20272201
-0.04282469
0.48410958
0.08406064
0.2738212
-0.115071565
0.4083657
0.16044089
0.29788458
-0.08035712
0.4911834
0.12543012
0.25529802
-0.0427763
0.5368455
0.08402336
0.32641727
-0.115143254
0.46101528
0.1604187
0.35051617
-0.08035712
0.543815
0.12543012
0.30792964
-0.0427763
0.58947706
0.08402336
0.37904885
-0.115143254
0.51364696
0.1604187
0.40314776
-0.08035712
0.5964466
0.12543012
0.36056122
-0.0427763
0.6421087
0.08402336
0.43168044
-0.115143254
0.56627846
0.1604187
0.45577937
-0.08035712
0.6490782
0.12543012
0.41319287
-0.0427763
0.6947403
0.08402336
0.48431194
-0.115143254
0.6189101
0.1604187
0.5084109
-0.08035712
0.7017097
0.12543012
0.46582437
-0.0427763
0.7473718
0.08402336
0.5369436
-0.115143254
0.67154163
0.1604187
0.5610275
-0.080363825
0.75432765
0.12542847
0.5184367
-0.04277661
0.799997
0.08402045
0.58958507
-0.115144946
0.72416055
0.16043997
0.61349833
-0.080478095
0.8068322
0.12538345
0.5711984
-0.042880807
0.8526687
0.08407749
0.64226866
-0.11550771
0.7766204
0.16057502
0.6668861
-0.08019723
0.8596246
0.12503292
0.6237147
-0.0425416
0.90572
0.084400766
0.6946368
-0.11594799
0.8293439
0.16110203
0.7200335
-0.07973633
0.91127527
0.12458556
0.6754015
-0.04240286
0.95595556
0.083545566
0.7474671
-0.11623625
0.88184243
0.16043107
0.7706161
-0.08003537
0.9631818
0.12522735
0.7309171
-0.04147583
1.0102698
0.085276455
0.8019487
-0.11568473
0.9371602
0.15666674
0.82136524
-0.07695936
1.0145282
0.123171
0.7863483
-0.042435963
1.0680552
0.08524108
0.8535011
-0.11150758
0.98955035
0.15622805
0.8720736
-0.071834356
1.0724251
0.1219663
0.83750623
-0.042350784
1.1174998
0.08863558
0.9037656
-0.12061397
1.0437131
0.16099173
-0.0780129
-0.019145958
0.1274658
0.17981067
-0.115994185
0.005726859
0.16923863
0.14126687
-0.04128366
-0.060522698
0.09046798
0.21424627
-0.024510808
-0.022470146
0.17719457
0.17833555
-0.05788005
0.004497446
0.22038463
0.13767004
0.0115688965
-0.06478787
0.14019084
0.20999748
0.0284293
-0.020441838
0.22560811
0.18293855
-0.007720217
0.005674705
0.27508748
0.13476734
0.063264444
-0.0687794
0.19290386
0.21226192
0.08239873
-0.020055652
0.2757678
0.18198974
0.04338272
0.008042
0.32426417
0.13304731
0.115985535
-0.06898948
0.24430984
0.2140412
0.13657728
-0.022581592
0.32693532
0.18024847
0.09450513
0.0084711015
0.3781809
0.13263412
0.1697286
-0.066574864
0.29672933
0.21417397
0.18897717
-0.022891425
0.37769336
0.17943749
0.1449456
0.008420441
0.4304844
0.13247617
0.22339934
-0.06791432
0.34964967
0.21489872
0.24205923
-0.022609815
0.42959934
0.1793533
0.19725926
0.008697491
0.48335123
0.13257542
0.27574295
-0.068196155
0.40226787
0.21484831
0.29459503
-0.022762924
0.48221806
0.17910199
0.24978887
0.008760355
0.535999
0.13249823
0.32837123
-0.06809482
0.45482194
0.21498078
0.34722662
-0.022762924
0.53484964
0.17910199
0.30242047
0.008760355
0.58863056
0.13249823
0.3810028
-0.06809482
0.50745356
0.21498078
0.3998582
-0.022762924
0.58748126
0.17910199
0.35505205
0.008760355
0.6412622
0.13249823
0.4336344
-0.06809482
0.5600851
0.21498078
0.4524898
-0.022762924
0.6401128
0.17910199
0.40768364
0.008760355
0.6938938
0.13249823
0.48626593
-0.06809482
0.61271673
0.21498078
0.5051213
-0.022762924
0.6927443
0.17910199
0.46031514
0.008760355
0.7465253
0.13249823
0.5388976
-0.06809482
0.66534835
0.21498078
0.55775404
-0.022758529
0.7453798
0.17910345
0.51295316
0.0087591745
0.79914474
0.13249528
0.59152794
-0.068096176
0.7179781
0.21499054
0.6102619
-0.022451527
0.7979995
0.17917478
0.56580186
0.008744098
0.85197103
0.13250709
0.64406693
-0.068359986
0.77046144
0.2152514
0.6624517
-0.022359557
0.8514878
0.17927244
0.61809224
0.008598704
0.90402573
0.13281943
0.6965351
-0.06900247
0.8231875
0.2162492
0.7163309
-0.023626938
0.9029939
0.18042196
0.6699078
0.00964205
0.95534575
0.13191734
0.74971586
-0.07081854
0.87740403
0.21648344
0.7690866
-0.020803243
0.95224595
0.18065596
0.7237678
0.010510977
1.005904
0.13278826
0.80351794
-0.06646352
0.932873
0.21659797
0.8230435
-0.018431775
1.0070229
0.1778591
0.774961
0.013206374
1.0600634
0.13341899
0.85451066
-0.063041456
0.98398495
0.21938631
0.8706992
-0.013354771
1.0665019
0.18092749
0.8327798
0.011503197
1.1112766
0.13853353
0.9014512
-0.071856596
1.0359073
0.21878257
-0.078655705
0.036064953
0.12441693
0.23492035
-0.11822785
0.05683694
0.1724419
0.18955898
-0.040411346
-0.0067593604
0.08897447
0.2631535
-0.027928725
0.033650562
0.1717768
0.2350349
-0.056097902
0.056634888
0.22040847
0.18707585
0.010781571
-0.014519796
0.13949694
0.2636088
0.023260579
0.034209274
0.22170822
0.24063817
-0.00089144707
0.059028964
0.2767538
0.18308243
0.06312837
-0.026143998
0.19041725
0.26496026
0.07448035
0.034246758
0.27361995
0.23921494
0.048638538
0.06257505
0.32608378
0.18179351
0.116508886
-0.027634703
0.2424999
0.26633808
0.12784602
0.03294877
0.324301
0.23731369
0.098890215
0.06270766
0.37846947
0.1817964
0.16988084
-0.028047368
0.29297101
0.26958883
0.17984945
0.032859236
0.37521237
0.2386024
0.15044975
0.06266819
0.4317441
0.18072039
0.22370793
-0.027149297
0.34598446
0.27066785
0.23231833
0.03263147
0.42751902
0.23847224
0.20243672
0.06290071
0.48412672
0.18102774
0.2759571
-0.02728974
0.39846176
0.27116737
0.2851923
0.032731637
0.48029876
0.23860754
0.25543842
0.06301406
0.53678787
0.1809517
0.3286338
-0.027643554
0.45101297
0.2714508
0.33782393
0.032731637
0.5329303
0.23860754
0.30807
0.06301406
0.5894195
0.1809517
0.3812654
-0.027643554
0.5036446
0.2714508
0.39045548
0.032731637
0.58556193
0.23860754
0.3607016
0.06301406
0.6420511
0.1809517
0.43389696
-0.027643554
0.55627614
0.2714508
0.44308716
0.032731637
0.63819355
0.23860754
0.41333324
0.06301406
0.69468266
0.1809517
0.4865285
-0.027643554
0.60890776
0.2714508
0.49571866
0.032731637
0.69082505
0.23860754
0.46596473
0.06301406
0.74731416
0.1809517
0.53916013
-0.027643554
0.6615393
0.2714508
0.54832697
0.032708272
0.7434633
0.23859872
0.51862717
0.06300441
0.79992735
0.18093777
0.5918035
-0.02766011
0.7141836
0.27147394
0.60100186
0.03296929
0.79617655
0.23854879
0.5717945
0.0628127
0.8525667
0.18076025
0.6443143
-0.027896725
0.766657
0.27168927
0.6534591
0.03322421
0.84907734
0.23855801
0.6249193
0.06293735
0.9042988
0.18137863
0.6972405
-0.028520599
0.8189975
0.272965
0.70692444
0.03149069
0.9009595
0.24104443
0.6752887
0.06324461
0.95535886
0.18052076
0.75172174
-0.030201241
0.87371886
0.27040887
0.7635789
0.035724215
0.952858
0.24219769
0.7246704
0.06422634
1.0089743
0.1809398
0.80289996
-0.028401747
0.92727494
0.26989973
0.8203774
0.036133982
1.0072591
0.23826179
0.7756452
0.06493955
1.061106
0.18191615
0.8515868
-0.01946491
0.9804592
0.26923728
0.86735374
0.038013875
1.0628862
0.23773721
0.8289942
0.063924596
1.1133311
0.18593341
0.8994629
-0.022284925
1.0353705
0.2748192
-0.077857494
0.08899062
0.12296642
0.28764254
-0.11682282
0.10930319
0.17554244
0.24253352
-0.0388034
0.043226957
0.088029414
0.31687582
-0.029609539
0.086254865
0.16955084
0.28746343
-0.057975516
0.10821215
0.22081985
0.23966333
0.010622829
0.03536637
0.13737233
0.31726432
0.024076775
0.08918344
0.21972008
0.28970417
-0.0017632991
0.11250119
0.27523255
0.23405497
0.06303141
0.021269202
0.1887357
0.3203011
0.07604657
0.09012529
0.27003622
0.29130152
0.048634112
0.1151765
0.32798028
0.23384708
0.11635615
0.022083
0.24057613
0.32232374
0.12956282
0.087147884
0.3200108
0.29098132
0.09870869
0.113748446
0.380873
0.23410846
0.1699734
0.026654825
0.2906002
0.32788104
0.18182147
0.086822465
0.37009948
0.29166663
0.1502265
0.11421975
0.43238977
0.2331427
0.22410385
0.025328636
0.34305486
0.32837674
0.2349457
0.08662907
0.42192942
0.29167432
0.20269541
0.114679456
0.48560244
0.23354581
0.27671796
0.025521979
0.39549422
0.32802242
0.28761134
0.08673161
0.47441784
0.29180884
0.25552088
0.1146715
0.53818977
0.23348042
0.32917562
0.02550532
0.44792584
0.3282742
0.34024292
0.08673161
0.5270494
0.29180884
0.30815247
0.1146715
0.5908214
0.23348042
0.3818072
0.02550532
0.5005575
0.3282742
0.3928745
0.08673161
0.57968104
0.29180884
0.36078405
0.1146715
0.643453
0.23348042
0.4344388
0.02550532
0.55318904
0.3282742
0.44550616
0.08673161
0.6323126
0.29180884
0.4134157
0.1146715
0.6960846
0.23348042
0.48707035
0.02550532
0.60582066
0.3282742
0.49813765
0.08673161
0.6849441
0.29180884
0.4660472
0.1146715
0.7487161
0.23348042
0.539702
0.02550532
0.6584522
0.3282742
0.5507592
0.08671178
0.73755884
0.29181242
0.51866984
0.11467219
0.80134714
0.23346499
0.5923405
0.025512785
0.71109897
0.3282674
0.6035175
0.08681169
0.79032165
0.292009
0.5714691
0.11437343
0.85355145
0.2333494
0.6449458
0.025610521
0.76349014
0.3280627
0.6562456
0.08677774
0.843555
0.29250696
0.62427044
0.114040464
0.90568495
0.2332083
0.6974865
0.025205657
0.8152095
0.32944393
0.70846874
0.08447754
0.89541894
0.29433894
0.67560905
0.11443055
0.9563369
0.23290578
0.75148934
0.02673082
0.8697178
0.3265841
0.76632404
0.08610779
0.9483713
0.29462528
0.7241811
0.11618371
1.0079345
0.23341732
0.8025837
0.028321475
0.9239111
0.32793126
0.8224535
0.08402445
1.0026413
0.29259837
0.77321696
0.11719102
1.0628355
0.23356113
0.85360134
0.03712517
0.97837365
0.32627276
0.8679937
0.088929534
1.0626206
0.29097816
0.8295919
0.11742143
1.117015
0.23915179
0.89990646
0.030429691
1.0362681
0.33212647
-0.0793356
0.14022332
0.12424162
0.3424984
-0.118260175
0.16291484
0.17695493
0.29582247
-0.039351553
0.09602615
0.087258816
0.37019676
-0.031465374
0.1388558
0.16995874
0.3407482
-0.058591887
0.15951063
0.2224197
0.29270476
0.011593122
0.08714807
0.13618909
0.37278426
0.02179423
0.14324847
0.2198289
0.3445965
-0.004175067
0.16525978
0.27548292
0.28610262
0.064047694
0.07100549
0.18760061
0.3743122
0.07534471
0.14417171
0.27036446
0.34427634
0.048129156
0.16857594
0.32795095
0.28579748
0.116155565
0.07302417
0.23879352
0.3749758
0.12816407
0.13986778
0.32046902
0.34418195
0.098954216
0.16723873
0.38056487
0.28647763
0.17002113
0.079259574
0.28906715
0.37981206
0.18074608
0.1404888
0.37010777
0.3449835
0.15132865
0.16756414
0.43313423
0.28536904
0.22445804
0.078144535
0.34154743
0.38019407
0.23380971
0.14067411
0.4218412
0.34499463
0.20445187
0.1679384
0.48618126
0.285412
0.27705133
0.07718353
0.39396846
0.38035172
0.28656268
0.14093551
0.47467113
0.3451539
0.25695214
0.16782947
0.53888917
0.28536254
0.32937738
0.07705407
0.44653586
0.38054264
0.3391943
0.14093551
0.5273027
0.3451539
0.30958372
0.16782947
0.5915207
0.28536254
0.382009
0.07705407
0.49916747
0.38054264
0.39182585
0.14093551
0.5799343
0.3451539
0.36221528
0.16782947
0.6441523
0.28536254
0.43464056
0.07705407
0.551799
0.38054264
0.44445747
0.14093551
0.6325659
0.3451539
0.4148469
0.16782947
0.6967839
0.28536254
0.48727208
0.07705407
0.6044306
0.38054264
0.49708897
0.14093551
0.6851974
0.3451539
0.4674784
0.16782947
0.7494154
0.28536254
0.53990376
0.07705407
0.6570622
0.38054264
0.5497362
0.14091727
0.73784405
0.34517854
0.52009463
0.167831
0.8020556
0.28537548
0.59254014
0.07708375
0.70971906
0.38053071
0.6024446
0.14114319
0.7905602
0.34507024
0.5730562
0.16761225
0.8541434
0.2853597
0.64493674
0.07748486
0.76206106
0.3804565
0.6549457
0.14115417
0.8438582
0.34516394
0.62587386
0.16746272
0.90702623
0.28523424
0.6976819
0.07697344
0.8144189
0.38118973
0.7068388
0.13848078
0.89438075
0.34716165
0.67702234
0.16814658
0.95799315
0.2843762
0.75200486
0.077962235
0.8693656
0.37810344
0.7659853
0.13956153
0.9462591
0.3462848
0.7248617
0.16963875
1.0103493
0.28541753
0.8024942
0.080265105
0.92559665
0.37954396
0.8227429
0.13806695
1.0008982
0.3444636
0.77489734
0.16976716
1.0651857
0.286482
0.8531951
0.089985415
0.98004234
0.37750542
0.86720246
0.14244187
1.0613911
0.3446969
0.8305928
0.16919112
1.1161219
0.2919408
0.8995196
0.083976924
1.0361754
0.3878356
-0.08026809
0.19280636
0.12313946
0.39404917
-0.11854543
0.21472788
0.17738111
0.34841198
-0.039020512
0.14906023
0.087302536
0.42347395
-0.032025017
0.18970391
0.16991559
0.39342967
-0.059662677
0.21185015
0.22265309
0.34477246
0.012431532
0.13805787
0.13641186
0.42672038
0.020895459
0.1945955
0.2195611
0.39729196
-0.0044987947
0.21752
0.27586484
0.33852983
0.063860804
0.12351392
0.18786392
0.4269718
0.07501113
0.19420302
0.27047834
0.3982917
0.045365393
0.21995804
0.33045995
0.3387709
0.11497712
0.1241761
0.2377961
0.42815483
0.12751628
0.19059972
0.32009083
0.39718992
0.09656739
0.21916808
0.38328254
0.33950797
0.1690112
0.130015
0.2886485
0.43312347
0.17947054
0.19096962
0.3693053
0.39793482
0.15022741
0.21938436
0.4350431
0.33814234
0.22350395
0.13005345
0.34117854
0.43353313
0.23244953
0.19105843
0.42142004
0.39769498
0.20309617
0.2198675
0.48813045
0.33798137
0.27606258
0.12932533
0.3932549
0.4332664
0.28528476
0.19136533
0.47418946
0.3979729
0.25568622
0.21970549
0.5409281
0.33798966
0.32839394
0.12940444
0.4458685
0.43341434
0.33791637
0.19136533
0.5268211
0.3979729
0.30831784
0.21970549
0.5935597
0.33798966
0.38102555
0.12940444
0.4985001
0.43341434
0.39054793
0.19136533
0.57945263
0.3979729
0.3609494
0.21970549
0.64619124
0.33798966
0.4336571
0.12940444
0.55113167
0.43341434
0.4431796
0.19136533
0.63208425
0.3979729
0.413581
0.21970549
0.69882286
0.33798966
0.48628864
0.12940444
0.6037633
0.43341434
0.4958111
0.19136533
0.68471575
0.3979729
0.4662125
0.21970549
0.75145435
0.33798966
0.5389203
0.12940444
0.65639484
0.43341434
0.5484564
0.19134325
0.73734695
0.39799738
0.51881635
0.2197077
0.80410564
0.33798137
0.5915507
0.12940918
0.7090454
0.4333921
0.6009756
0.19154882
0.79004616
0.39798498
0.5717113
0.21953866
0.8562596
0.33799836
0.6440115
0.12915967
0.7615297
0.433389
0.65357596
0.1911997
0.84329134
0.39806086
0.6247371
0.21932912
0.91005164
0.3379224
0.6968076
0.12909797
0.813846
0.4338129
0.7071273
0.18920246
0.8944884
0.3996863
0.67582667
0.21984711
0.95993114
0.3369349
0.75084907
0.12997955
0.8686287
0.43138373
0.7652887
0.19060126
0.94573224
0.39933607
0.7232749
0.22246876
1.0105506
0.33853057
0.8017701
0.13361277
0.92494893
0.43380272
0.8229626
0.18882307
1.000864
0.3961536
0.77389914
0.22316396
1.0675887
0.33994508
0.8522189
0.14182703
0.97953886
0.42954928
0.8673172
0.19495416
1.0612186
0.3971904
0.83041537
0.22206606
1.1157081
0.34502548
0.8989889
0.13757281
1.0365068
0.44114387
-0.079876885
0.24544856
0.12322973
0.4470102
-0.11767852
0.26745224
0.17720115
0.40121782
-0.03904719
0.20204115
0.08668659
0.47548294
-0.032292
0.24235731
0.1701783
0.44616175
-0.060274445
0.26465464
0.22245461
0.39794666
0.012434691
0.19057259
0.13617814
0.47966608
0.020428285
0.24794361
0.21953565
0.4503499
-0.004768491
0.27019197
0.2763522
0.39146382
0.06327234
0.17592445
0.1873412
0.480298
0.075088665
0.24815759
0.27004308
0.45083025
0.045221463
0.27231228
0.33041108
0.39179027
0.1147394
0.177255
0.2374116
0.48076013
0.12714043
0.24422637
0.32002637
0.45024368
0.09590112
0.27186978
0.38327837
0.3923344
0.16843933
0.18363953
0.28818592
0.4848674
0.17901272
0.24419525
0.36885482
0.45135108
0.14974558
0.27241552
0.4350593
0.39122933
0.22319338
0.1837478
0.34076485
0.48473546
0.23224717
0.24441913
0.42095476
0.45116565
0.20279458
0.27266717
0.48826727
0.3910163
0.27567673
0.18272766
0.39297414
0.4844469
0.28507388
0.24463871
0.47361857
0.4513184
0.25539654
0.2725416
0.5410624
0.3909771
0.32800525
0.18286054
0.44556946
0.4846139
0.3377055
0.24463871
0.5262501
0.4513184
0.30802816
0.2725416
0.593694
0.3909771
0.38063687
0.18286054
0.49820107
0.4846139
0.39033705
0.24463871
0.57888174
0.4513184
0.36065972
0.2725416
0.6463256
0.3909771
0.43326843
0.18286054
0.5508326
0.4846139
0.44296873
0.24463871
0.63151336
0.4513184
0.41329134
0.2725416
0.6989572
0.3909771
0.48589996
0.18286054
0.6034642
0.4846139
0.49560022
0.24463871
0.68414485
0.4513184
0.46592283
0.2725416
0.7515887
0.3909771
0.5385316
0.18286054
0.6560958
0.4846139
0.54824793
0.24463148
0.7367723
0.45133543
0.51853913
0.27254614
0.80423385
0.39097205
0.59115916
0.18286417
0.7087448
0.48460418
0.60083336
0.24497706
0.78942233
0.4515103
0.57150424
0.27233365
0.8565661
0.3910019
0.64358974
0.1826381
0.76119244
0.48472536
0.65332216
0.24499978
0.8429927
0.45152205
0.62431884
0.27210656
0.9097904
0.3908054
0.6964579
0.1824355
0.81346554
0.4851845
0.70684826
0.24274814
0.8942044
0.4533683
0.6752479
0.27266797
0.9594799
0.38971177
0.750294
0.18309657
0.86828357
0.48262346
0.7650061
0.24404696
0.94548815
0.4532511
0.7222092
0.27535206
1.0091025
0.3913502
0.8015888
0.18687977
0.9247489
0.48533535
0.82286835
0.24109827
1.0005074
0.45012236
0.7731805
0.27560526
1.0650476
0.39271683
0.8524444
0.19446427
0.97970426
0.48284972
0.86760634
0.2473286
1.0612568
0.44971108
0.8297312
0.2748338
1.1147127
0.3977003
0.898982
0.18967043
1.036355
0.49407768
-0.079699084
0.29821184
0.12311183
0.4995199
-0.11758928
0.32016826
0.17700021
0.4538387
-0.039287478
0.25484133
0.086775035
0.5284073
-0.03242916
0.29508328
0.170309
0.49860567
-0.060623713
0.31743997
0.22263142
0.45049125
0.01244935
0.24314886
0.13602747
0.53216916
0.020515367
0.3004342
0.21945286
0.50283396
-0.005114317
0.3229184
0.27603987
0.4439924
0.063240685
0.22912008
0.18730989
0.53283745
0.075204745
0.30050904
0.2700764
0.5035107
0.04498793
0.32503477
0.33034325
0.44421247
0.114844024
0.23061992
0.23756689
0.5329132
0.12747532
0.29670942
0.3200782
0.5030841
0.09551443
0.32442474
0.38373667
0.4448827
0.1685944
0.23664105
0.28819135
0.5375277
0.17934644
0.2967342
0.36872172
0.5039659
0.14933336
0.32495826
0.43551952
0.44361264
0.223416
0.23676884
0.34085646
0.53741884
0.23251684
0.2969338
0.42091566
0.50377846
0.20236968
0.32525507
0.48858863
0.44343898
0.2758451
0.23581526
0.39302844
0.537218
0.2852997
0.29717177
0.4735777
0.5039217
0.2549516
0.325136
0.54129326
0.44340253
0.3281675
0.23598154
0.44560236
0.537396
0.33793128
0.29717177
0.5262093
0.5039217
0.3075832
0.325136
0.5939248
0.44340253
0.38079908
0.23598154
0.498234
0.537396
0.39056286
0.29717177
0.5788409
0.5039217
0.36021477
0.325136
0.64655644
0.44340253
0.43343067
0.23598154
0.55086553
0.537396
0.44319448
0.29717177
0.63147247
0.5039217
0.4128464
0.325136
0.69918805
0.44340253
0.4860622
0.23598154
0.60349715
0.537396
0.49582598
0.29717177
0.68410397
0.5039217
0.46547788
0.325136
0.75181955
0.44340253
0.53869385
0.23598154
0.6561287
0.537396
0.5484662
0.29716003
0.73673725
0.5039409
0.51809174
0.32513908
0.8044576
0.44339374
0.59132385
0.23598251
0.70877993
0.5373988
0.60106415
0.29749689
0.7895432
0.50408745
0.5709641
0.32489234
0.85666513
0.44340557
0.6437203
0.23577282
0.7611992
0.53769064
0.65354323
0.29743475
0.8431597
0.504149
0.62363017
0.32467496
0.9100324
0.44310814
0.6966827
0.23535712
0.81360114
0.53817105
0.70685637
0.29529056
0.8943137
0.5060557
0.6749227
0.32515424
0.9594108
0.44198835
0.7506395
0.23631866
0.8684588
0.53501576
0.76526356
0.29691845
0.9457419
0.5061377
0.7222729
0.32788205
1.0089939
0.44379997
0.8016331
0.24000217
0.92468464
0.5376225
0.82297057
0.29390445
1.0004699
0.50318843
0.7732955
0.32827193
1.0652907
0.44523305
0.852664
0.24729612
0.9796815
0.53519213
0.867547
0.300022
1.0612255
0.5024815
0.82961905
0.3273725
1.1145838
0.4502647
0.8990293
0.24270324
1.0362761
0.54658175
-0.079699084
0.35084346
0.12311183
0.5521515
-0.11758928
0.37279984
0.17700021
0.5064703
-0.039287478
0.3074729
0.086775035
0.58103883
-0.03242916
0.34771487
0.170309
0.5512372
-0.060623713
0.3700716
0.22263142
0.50312287
0.01244935
0.29578048
0.13602747
0.5848007
0.020515367
0.3530658
0.21945286
0.5554655
-0.005114317
0.37554997
0.27603987
0.496624
0.063240685
0.2817517
0.18730989
0.585469
0.075204745
0.35314065
0.2700764
0.5561423
0.04498793
0.37766638
0.33034325
0.49684408
0.114844024
0.28325152
0.23756689
0.58554476
0.12747532
0.34934103
0.3200782
0.5557157
0.09551443
0.37705633
0.38373667
0.49751428
0.1685944
0.28927267
0.28819135
0.59015924
0.17934644
0.34936583
0.36872172
0.5565975
0.14933336
0.37758985
0.43551952
0.49624428
0.223416
0.28940046
0.34085646
0.59005046
0.23251684
0.3495654
0.42091566
0.5564101
0.20236968
0.37788665
0.48858863
0.49607062
0.2758451
0.28844684
0.39302844
0.5898496
0.2852997
0.34980336
0.4735777
0.55655324
0.2549516
0.37776756
0.54129326
0.49603415
0.3281675
0.28861314
0.44560236
0.5900276
0.33793128
0.34980336
0.5262093
0.55655324
0.3075832
0.37776756
0.5939248
0.49603415
0.38079908
0.28861314
0.498234
0.5900276
0.39056286
0.34980336
0.5788409
0.55655324
0.36021477
0.37776756
0.64655644
0.49603415
0.43343067
0.28861314
0.55086553
0.5900276
0.44319448
0.34980336
0.63147247
0.55655324
0.4128464
0.37776756
0.69918805
0.49603415
0.4860622
0.28861314
0.60349715
0.5900276
0.49582598
0.34980336
0.68410397
0.55655324
0.46547788
0.37776756
0.75181955
0.49603415
0.53869385
0.28861314
0.6561287
0.5900276
0.5484662
0.34979165
0.73673725
0.55657244
0.51809174
0.37777066
0.8044576
0.49602538
0.59132385
0.2886141
0.70877993
0.59003043
0.60106415
0.35012847
0.7895432
0.556719
0.5709641
0.37752393
0.85666513
0.49603721
0.6437203
0.2884044
0.7611992
0.59032226
0.65354323
0.35006636
0.8431597
0.5567806
0.62363017
0.37730658
0.9100324
0.49573976
0.6966827
0.28798872
0.81360114
0.5908026
0.70685637
0.34792215
0.8943137
0.5586873
0.6749227
0.37778583
0.9594108
0.49462
0.7506395
0.28895026
0.8684588
0.5876473
0.76526356
0.34955004
0.9457419
0.55876935
0.7222729
0.38051367
1.0089939
0.4964316
0.8016331
0.29263377
0.92468464
0.59025407
0.82297057
0.34653604
1.0004699
0.55582
0.7732955
0.38090354
1.0652907
0.49786466
0.852664
0.2999277
0.9796815
0.58782375
0.867547
0.35265362
1.0612255
0.5551131
0.82961905
0.3800041
1.1145838
0.5028963
0.8990293
0.29533485
1.0362761
0.59921336
-0.079699084
0.40347502
0.12311183
0.60478306
-0.11758928
0.42543143
0.17700021
0.5591019
-0.039287478
0.3601045
0.086775035
0.63367045
-0.03242916
0.40034646
0.170309
0.6038689
-0.060623713
0.42270315
0.22263142
0.5557544
0.01244935
0.34841204
0.13602747
0.63743234
0.020515367
0.4056974
0.21945286
0.60809714
-0.005114317
0.42818156
0.27603987
0.54925555
0.063240685
0.33438325
0.18730989
0.6381006
0.075204745
0.40577218
0.2700764
0.6087738
0.04498793
0.43029794
0.33034325
0.5494756
0.114844024
0.33588308
0.23756689
0.6381764
0.12747532
0.40197256
0.3200782
0.60834724
0.09551443
0.42968792
0.38373667
0.55014586
0.1685944
0.34190422
0.28819135
0.64279085
0.17934644
0.40199742
0.36872172
0.6092291
0.14933336
0.43022144
0.43551952
0.5488758
0.223416
0.34203202
0.34085646
0.642682
0.23251684
0.40219694
0.42091566
0.60904163
0.20236968
0.43051824
0.48858863
0.5487022
0.2758451
0.34107843
0.39302844
0.6424812
0.2852997
0.40243495
0.4735777
0.60918486
0.2549516
0.43039918
0.54129326
0.5486657
0.3281675
0.3412447
0.44560236
0.6426592
0.33793128
0.40243495
0.5262093
0.60918486
0.3075832
0.43039918
0.5939248
0.5486657
0.38079908
0.3412447
0.498234
0.6426592
0.39056286
0.40243495
0.5788409
0.60918486
0.36021477
0.43039918
0.64655644
0.5486657
0.43343067
0.3412447
0.55086553
0.6426592
0.44319448
0.40243495
0.63147247
0.60918486
0.4128464
0.43039918
0.69918805
0.5486657
0.4860622
0.3412447
0.60349715
0.6426592
0.49582598
0.40243495
0.68410397
0.60918486
0.46547788
0.43039918
0.75181955
0.5486657
0.53869385
0.3412447
0.6561287
0.6426592
0.5484662
0.40242317
0.73673725
0.60920405
0.51809174
0.43040225
0.8044576
0.54865694
0.59132385
0.34124568
0.70877993
0.64266205
0.60106415
0.40276003
0.7895432
0.60935056
0.5709641
0.43015552
0.85666513
0.54866874
0.6437203
0.341036
0.7611992
0.6429539
0.65354323
0.40269792
0.8431597
0.6094122
0.62363017
0.42993814
0.9100324
0.5483713
0.6966827
0.34062028
0.81360114
0.6434342
0.70685637
0.40055373
0.8943137
0.61131895
0.6749227
0.43041742
0.9594108
0.5472515
0.7506395
0.34158182
0.8684588
0.64027894
0.76526356
0.40218157
0.9457419
0.6114009
0.7222729
0.43314523
1.0089939
0.54906315
0.8016331
0.34526533
0.92468464
0.6428857
0.82297057
0.39916766
1.0004699
0.6084516
0.7732955
0.4335351
1.0652907
0.5504962
0.852664
0.3525593
0.9796815
0.64045537
0.867547
0.40528515
1.0612255
0.6077447
0.82961905
0.43263566
1.1145838
0.55552787
0.8990293
0.34796643
1.0362761
0.6518449
-0.079699084
0.45610666
0.12311183
0.6574147
-0.11758928
0.47806293
0.17700021
0.6117335
-0.039287478
0.4127361
0.086775035
0.68630207
-0.03242916
0.4529781
0.170309
0.65650046
-0.060623713
0.47533467
0.22263142
0.608386
0.01244935
0.40104365
0.13602747
0.69006395
0.020515367
0.45832902
0.21945286
0.66072875
-0.005114317
0.4808131
0.27603987
0.60188717
0.063240685
0.38701487
0.18730989
0.69073224
0.075204745
0.45840383
0.2700764
0.66140544
0.04498793
0.48292944
0.33034325
0.6021072
0.114844024
0.38851473
0.23756689
0.69080794
0.12747532
0.4546042
0.3200782
0.66097885
0.09551443
0.4823194
0.38373667
0.6027774
0.1685944
0.39453584
0.28819135
0.6954225
0.17934644
0.45462906
0.36872172
0.6618607
0.14933336
0.48285297
0.43551952
0.6015074
0.223416
0.39466363
0.34085646
0.69531363
0.23251684
0.45482856
0.42091566
0.66167325
0.20236968
0.48314977
0.48858863
0.60133374
0.2758451
0.39371008
0.39302844
0.69511276
0.2852997
0.45506656
0.4735777
0.6618165
0.2549516
0.48303068
0.54129326
0.60129726
0.3281675
0.39387634
0.44560236
0.6952908
0.33793128
0.45506656
0.5262093
0.6618165
0.3075832
0.48303068
0.5939248
0.60129726
0.38079908
0.39387634
0.498234
0.6952908
0.39056286
0.45506656
0.5788409
0.6618165
0.36021477
0.48303068
0.64655644
0.60129726
0.43343067
0.39387634
0.55086553
0.6952908
0.44319448
0.45506656
0.63147247
0.6618165
0.4128464
0.48303068
0.69918805
0.60129726
0.4860622
0.39387634
0.60349715
0.6952908
0.49582598
0.45506656
0.68410397
0.6618165
0.46547788
0.48303068
0.75181955
0.60129726
0.53869385
0.39387634
0.6561287
0.6952908
0.5484662
0.45505482
0.73673725
0.6618356
0.51809174
0.4830338
0.8044576
0.60128856
0.59132385
0.39387733
0.70877993
0.6952936
0.60106415
0.45539165
0.7895432
0.6619822
0.5709641
0.482787
0.85666513
0.60130036
0.6437203
0.39366764
0.7611992
0.6955854
0.65354323
0.45532954
0.8431597
0.6620438
0.62363017
0.48256963
0.9100324
0.6010029
0.6966827
0.39325196
0.81360114
0.69606584
0.70685637
0.45318538
0.8943137
0.6639505
0.6749227
0.4830489
0.9594108
0.5998831
0.7506395
0.39421347
0.8684588
0.69291055
0.76526356
0.4548132
0.9457419
0.66403246
0.7222729
0.48577675
1.0089939
0.6016947
0.8016331
0.39789695
0.92468464
0.69551724
0.82297057
0.45179927
1.0004699
0.6610832
0.7732955
0.48616663
1.0652907
0.6031278
0.852664
0.40519089
0.9796815
0.6930869
0.867547
0.4579168
1.0612255
0.66037625
0.82961905
0.48526722
1.1145838
0.6081595
0.8990293
0.40059802
1.0362761
0.7044765
-0.079699084
0.50873816
0.12311183
0.7100462
-0.11758928
0.5306946
0.17700021
0.66436505
-0.039287478
0.4653676
0.086775035
0.73893356
-0.03242916
0.50560963
0.170309
0.70913196
-0.060623713
0.5279663
0.22263142
0.6610176
0.01244935
0.45367515
0.13602747
0.74269545
0.020515367
0.5109605
0.21945286
0.71336025
-0.005114317
0.53344476
0.27603987
0.6545187
0.063240685
0.43964636
0.18730989
0.74336374
0.075204745
0.5110353
0.2700764
0.71403694
0.04498793
0.5355611
0.33034325
0.6547388
0.114844024
0.44114622
0.23756689
0.74343944
0.12747532
0.5072357
0.3200782
0.71361035
0.09551443
0.5349511
0.38373667
0.655409
0.1685944
0.44716734
0.28819135
0.74805397
0.17934644
0.50726056
0.36872172
0.7144922
0.14933336
0.5354846
0.43551952
0.654139
0.223416
0.44729513
0.34085646
0.74794513
0.23251684
0.50746006
0.42091566
0.71430475
0.20236968
0.5357814
0.48858863
0.65396535
0.2758451
0.44634157
0.39302844
0.74774426
0.2852997
0.50769806
0.4735777
0.714448
0.2549516
0.5356623
0.54129326
0.6539289
0.3281675
0.44650784
0.44560236
0.7479223
0.33793128
0.50769806
0.5262093
0.714448
0.3075832
0.5356623
0.5939248
0.6539289
0.38079908
0.44650784
0.498234
0.7479223
0.39056283
0.50769806
0.5788409
0.714448
0.36021477
0.5356623
0.64655644
0.6539289
0.43343067
0.4465078
0.55086553
0.7479223
0.44319448
0.50769806
0.63147247
0.714448
0.4128464
0.5356623
0.69918805
0.6539289
0.4860622
0.4465078
0.60349715
0.7479223
0.49582598
0.50769806
0.68410397
0.714448
0.46547788
0.5356623
0.75181955
0.6539289
0.53869385
0.4465078
0.6561287
0.7479223
0.5484662
0.5076863
0.73673725
0.7144671
0.51809174
0.53566545
0.8044576
0.6539201
0.59132385
0.44650882
0.7087798
0.7479251
0.60106415
0.50802314
0.7895432
0.7146137
0.5709641
0.5354187
0.85666513
0.6539319
0.6437203
0.44629914
0.7611992
0.7482169
0.65354323
0.50796103
0.8431597
0.7146753
0.62363017
0.5352013
0.9100324
0.6536344
0.6966827
0.44588345
0.81360114
0.74869734
0.70685637
0.5058169
0.8943137
0.716582
0.6749227
0.5356806
0.9594108
0.65251476
0.7506395
0.44684497
0.8684588
0.74554205
0.76526356
0.50744474
0.9457419
0.71666396
0.7222729
0.5384084
1.0089939
0.6543263
0.8016331
0.45052844
0.92468464
0.74814874
0.82297057
0.5044308
1.0004699
0.7137147
0.7732955
0.5387983
1.0652907
0.6557594
0.852664
0.45782238
0.9796815
0.7457184
0.867547
0.5105483
1.0612255
0.71300775
0.82961905
0.5378989
1.1145838
0.66079104
0.8990293
0.45322958
1.0362761
0.7571081
-0.07968569
0.56137186
0.12311007
0.76266986
-0.11758282
0.5833227
0.17700252
0.71700364
-0.039292656
0.51800954
0.08678157
0.7915584
-0.03240774
0.5582286
0.17030543
0.76177883
-0.060644887
0.5805962
0.22263089
0.71364176
0.012446087
0.5063329
0.13602391
0.79531586
0.020515822
0.56359065
0.21945235
0.7660146
-0.0051079243
0.5860845
0.27604634
0.7071502
0.06323005
0.49229974
0.18731199
0.79598325
0.0752213
0.56366134
0.2700804
0.766672
0.04499668
0.58820206
0.33035684
0.7073739
0.11484362
0.4937965
0.23757698
0.7960657
0.12749332
0.5598631
0.32007417
0.76622593
0.0955172
0.5875815
0.3837428
0.70804226
0.16858834
0.4997968
0.28819868
0.8006781
0.17936578
0.55988413
0.36871806
0.76710516
0.14933121
0.58810693
0.43552238
0.70676917
0.22340786
0.49990743
0.3408581
0.8005875
0.23253283
0.56007785
0.42090645
0.7669149
0.20236014
0.5884037
0.4885841
0.7065985
0.27583048
0.49895978
0.39302894
0.8003824
0.2853124
0.5603075
0.47356814
0.767058
0.254947
0.5882873
0.54128677
0.706562
0.32815647
0.49913105
0.44560254
0.80056024
0.33794403
0.5603075
0.5261997
0.767058
0.30757862
0.5882873
0.5939183
0.706562
0.38078806
0.49913105
0.49823418
0.80056024
0.3905756
0.5603075
0.5788313
0.767058
0.36021018
0.5882873
0.64654994
0.706562
0.43341964
0.49913105
0.5508657
0.80056024
0.4432072
0.5603075
0.6314629
0.767058
0.4128418
0.5882873
0.69918156
0.706562
0.48605114
0.49913105
0.6034973
0.80056024
0.4958387
0.5603075
0.68409437
0.767058
0.4654733
0.5882873
0.75181305
0.706562
0.5386828
0.49913105
0.6561289
0.80056024
0.5484791
0.56029594
0.73672616
0.7670765
0.5180881
0.5882905
0.8044493
0.7065528
0.5913126
0.49913073
0.7087793
0.8005649
0.6010791
0.56063956
0.789534
0.76722425
0.5709641
0.58804435
0.8566649
0.70656496
0.6437108
0.49891528
0.7611975
0.80084753
0.6535567
0.5605798
0.8431562
0.76728487
0.6236303
0.5878265
0.9100332
0.70626295
0.69667375
0.4984969
0.81360364
0.801332
0.70687366
0.5584209
0.8943206
0.76919293
0.6749298
0.588309
0.95942
0.7051466
0.75063443
0.49945676
0.8684584
0.79817045
0.7652664
0.5600632
0.9457257
0.7692998
0.7222996
0.59103197
1.0089868
0.7069499
0.8016348
0.5031465
0.9246832
0.80078185
0.8229742
0.5570493
1.0004576
0.7663332
0.7732881
0.59142876
1.0653027
0.70838785
0.8526561
0.51045007
0.9796803
0.7983615
0.867552
0.5631821
1.0612268
0.7656324
0.82961595
0.59053737
1.1145842
0.7134215
0.8990224
0.50585335
1.0362763
0.8097293
-0.07969291
0.61395967
0.12325365
0.8151157
-0.11738608
0.63605046
0.17685181
0.76960814
-0.039315574
0.5707383
0.08692167
0.8440355
-0.032340966
0.6108816
0.17053804
0.8144714
-0.060445458
0.63310814
0.22254995
0.7663232
0.012514524
0.55923015
0.13603505
0.848033
0.02071315
0.6162357
0.21943675
0.81878287
-0.004924044
0.6387807
0.2760346
0.7599168
0.063036695
0.5452013
0.1872424
0.8486403
0.07533504
0.6165794
0.27043092
0.8192283
0.045164585
0.64079756
0.33017972
0.7602295
0.114436164
0.54618526
0.23749082
0.8492826
0.12727736
0.61250275
0.32043082
0.81901866
0.096458584
0.64014536
0.38362163
0.7609188
0.16853002
0.55228263
0.28796518
0.85382074
0.1792975
0.61268634
0.36904687
0.8197954
0.15010132
0.6406829
0.43537426
0.7596058
0.22321267
0.5524091
0.34064913
0.85371095
0.23241273
0.61277497
0.42117724
0.819685
0.2031196
0.6409174
0.48831376
0.7594172
0.27571952
0.551607
0.39282048
0.85353804
0.28516564
0.6130471
0.47385833
0.81981456
0.25568396
0.6408188
0.5410738
0.7593588
0.32802212
0.551761
0.44540554
0.8537082
0.33779722
0.6130471
0.5264899
0.81981456
0.30831552
0.6408188
0.59370536
0.7593588
0.38065374
0.551761
0.49803716
0.8537082
0.3904288
0.6130471
0.57912153
0.81981456
0.3609471
0.6408188
0.6463369
0.7593588
0.4332853
0.551761
0.5506687
0.8537082
0.44306046
0.6130471
0.63175315
0.81981456
0.41357875
0.6408188
0.6989685
0.7593588
0.48591685
0.551761
0.60330033
0.8537082
0.49569196
0.6130471
0.68438464
0.81981456
0.46621025
0.6408188
0.7516
0.7593588
0.53854847
0.551761
0.65593195
0.8537082
0.5483437
0.6130309
0.7370245
0.8198253
0.51881707
0.6408219
0.80424476
0.75935215
0.5911771
0.55175984
0.70858395
0.8536986
0.60095274
0.613316
0.7898202
0.81994885
0.5715892
0.64060783
0.856435
0.75936735
0.6435705
0.5515392
0.76104814
0.8539778
0.65350926
0.6131544
0.8434994
0.82012165
0.6242634
0.6403041
0.90986073
0.7591404
0.69661623
0.55135584
0.8134213
0.8541863
0.70666426
0.61125505
0.89451283
0.8219837
0.6751342
0.64095193
0.95917857
0.7579096
0.7504579
0.5519845
0.8684639
0.8512388
0.7650938
0.6128952
0.9457048
0.8222241
0.72277224
0.6437049
1.0085799
0.7597008
0.80169034
0.5561271
0.92458177
0.85360134
0.8231106
0.60986
1.0004919
0.8189494
0.7735456
0.64390427
1.0650235
0.76103014
0.852576
0.56298697
0.9796202
0.8511822
0.8676688
0.61581016
1.0612164
0.8183168
0.82948226
0.64316046
1.1144248
0.76607776
0.89899683
0.5586268
1.0361404
0.86226964
-0.0796447
0.66666156
0.12339457
0.867662
-0.11696556
0.6886029
0.17719242
0.8221916
-0.039312817
0.6231885
0.086865015
0.89700675
-0.03185253
0.6630522
0.17001227
0.8676007
-0.060824305
0.68631965
0.22309971
0.81931037
0.012416981
0.612259
0.13589185
0.9011373
0.020743757
0.66904265
0.21833248
0.8716447
-0.0050564855
0.691986
0.27562588
0.8117201
0.06268692
0.5978699
0.18739817
0.90070915
0.07494824
0.66852254
0.2699561
0.87270325
0.045078456
0.6936291
0.33084804
0.8124133
0.11459014
0.59861976
0.23720625
0.90139836
0.1280813
0.6654031
0.32007593
0.87206924
0.094893575
0.6930507
0.38317356
0.81304437
0.16807456
0.6031526
0.2880997
0.9067326
0.18011957
0.6653881
0.36862648
0.87302697
0.14842455
0.6934067
0.43451136
0.8119478
0.2230746
0.60400426
0.34071586
0.90680885
0.23331255
0.665694
0.42095822
0.87257206
0.20164122
0.6937684
0.4877442
0.811756
0.27547556
0.6029093
0.39285994
0.9064518
0.28610015
0.6659529
0.47355956
0.8727243
0.25420916
0.6936197
0.5404488
0.8116989
0.3278294
0.6031498
0.44542924
0.9067372
0.33873174
0.6659529
0.5261911
0.8727243
0.30684078
0.6936197
0.59308034
0.8116989
0.380461
0.6031498
0.49806085
0.9067372
0.39136332
0.6659529
0.57882273
0.8727243
0.35947233
0.6936196
0.64571196
0.8116989
0.43309256
0.6031498
0.5506924
0.9067372
0.44399497
0.6659529
0.63145435
0.8727243
0.412104
0.6936197
0.6983435
0.8116989
0.48572406
0.6031498
0.60332394
0.9067372
0.49662647
0.6659529
0.6840859
0.8727243
0.4647355
0.69361967
0.750975
0.81169885
0.53835577
0.6031498
0.6559556
0.9067372
0.5492805
0.6659482
0.7367238
0.8727402
0.5173477
0.69361734
0.80361354
0.8116919
0.5909924
0.6031515
0.7086076
0.90675205
0.60193205
0.66627467
0.7895521
0.8730017
0.5700866
0.6933582
0.8557097
0.81167483
0.6434411
0.6029801
0.7611029
0.9067623
0.6544246
0.6659644
0.8431464
0.87314016
0.6224769
0.69309044
0.9092329
0.8113413
0.69631785
0.6031548
0.81333846
0.9068103
0.7072656
0.66340876
0.89443624
0.87513185
0.6736909
0.6935521
0.9585726
0.8101935
0.7504754
0.6040423
0.8685633
0.90441704
0.76558566
0.66477305
0.9453472
0.87542003
0.7205185
0.69673675
1.0080893
0.8118482
0.80178773
0.6075973
0.9244734
0.9064608
0.822636
0.66231614
1.0014496
0.8720034
0.7727154
0.6962298
1.064377
0.81362844
0.8525604
0.6156396
0.9793322
0.90529794
0.8673927
0.66785413
1.0613891
0.871491
0.8284296
0.6959018
1.1139777
0.8186068
0.8993337
0.611326
1.0355376
0.9152194
-0.07975559
0.71897036
0.12359168
0.91972107
-0.117944255
0.74162
0.17756532
0.87506825
-0.038462218
0.67493105
0.08753118
0.94946015
-0.03186933
0.7154509
0.17088631
0.9198649
-0.061981194
0.73898673
0.22228193
0.8720932
0.012460116
0.6655504
0.1353019
0.9533072
0.02158364
0.72199905
0.21944115
0.9243456
-0.005663976
0.74413884
0.27568775
0.8650286
0.062518165
0.6533114
0.1867019
0.9509337
0.07486152
0.72289276
0.2716468
0.9260367
0.045108944
0.74626774
0.3312371
0.86653775
0.11389354
0.6495254
0.23712653
0.954438
0.12654601
0.71908313
0.3221467
0.92727727
0.09711483
0.7456256
0.38272208
0.8668963
0.16755423
0.6544134
0.28712234
0.9594442
0.1785203
0.7188067
0.3714819
0.92786986
0.15069985
0.7461884
0.43434352
0.8658955
0.22190464
0.6545487
0.33963376
0.9594181
0.23154853
0.7194087
0.42324793
0.928013
0.20341522
0.74671185
0.48745275
0.86551046
0.2739629
0.6539047
0.3917373
0.95917165
0.2843573
0.71963286
0.47571796
0.9282206
0.25607347
0.7466091
0.5402508
0.8656323
0.32636344
0.6540289
0.44434893
0.95943344
0.3369889
0.71963286
0.5283495
0.9282206
0.3087051
0.7466091
0.59288234
0.8656323
0.37899503
0.6540289
0.49698058
0.95943344
0.38962048
0.71963286
0.58098114
0.9282206
0.36133665
0.7466091
0.64551395
0.8656323
0.43162662
0.6540289
0.5496121
0.95943344
0.44225207
0.7196329
0.6336127
0.92822057
0.41396827
0.7466091
0.69814557
0.8656323
0.48425812
0.6540289
0.6022437
0.95943344
0.49488357
0.71963286
0.6862442
0.9282206
0.46659976
0.7466091
0.75077707
0.8656323
0.5368898
0.6540289
0.6548753
0.95943344
0.5475362
0.71963125
0.73888856
0.92822
0.5192205
0.7466079
0.80339074
0.86563134
0.58952117
0.65400106
0.7075274
0.9594467
0.60016334
0.7200295
0.7914369
0.9284383
0.5720563
0.74647725
0.8555654
0.86549973
0.64194685
0.6538502
0.7601159
0.9595804
0.6529402
0.7202411
0.84519714
0.9284436
0.6248253
0.7462035
0.9095411
0.8655258
0.694584
0.65345705
0.81237555
0.959499
0.70619166
0.7178718
0.8955393
0.93097985
0.6744
0.74665207
0.95862126
0.86427873
0.7483103
0.6547652
0.8672422
0.9587173
0.76358855
0.718061
0.94693625
0.93032837
0.72217256
0.7490484
1.006433
0.86578196
0.8002057
0.6576488
0.92305505
0.96133995
0.8220136
0.71628785
1.0032223
0.9261137
0.7745535
0.7492455
1.0628986
0.8673029
0.8515981
0.66555154
0.97865564
0.95887995
0.86754894
0.72095305
1.0630015
0.9250036
0.83033264
0.7476989
1.1150236
0.872591
0.89790386
0.66335106
1.0361594
0.966854
-0.08011151
0.7698488
0.123115204
0.972687
-0.11820161
0.79497766
0.17678028
0.9302895
-0.03825359
0.7271411
0.08801521
1.0045332
-0.034113176
0.76538837
0.17169511
0.9725733
-0.062085807
0.79358685
0.22202614
0.92760634
0.012816735
0.7141371
0.13698119
1.010912
0.01887162
0.77110773
0.21811523
0.9759248
-0.0054825842
0.7960245
0.27474147
0.9204894
0.062438402
0.6984508
0.18643889
1.0112752
0.06876692
0.7695509
0.27122238
0.98047113
0.04672864
0.79656833
0.33191153
0.9203028
0.11345042
0.69257253
0.23489587
1.0114852
0.12236643
0.76692396
0.3223475
0.98018175
0.09949198
0.7961556
0.38669962
0.9212023
0.16603324
0.6973388
0.28446078
1.0142446
0.17565069
0.7678389
0.37303016
0.98168534
0.15432929
0.79675233
0.43793774
0.9200804
0.21983771
0.6981393
0.33703774
1.0133878
0.22854128
0.7687193
0.42501667
0.981881
0.20665227
0.797291
0.48977572
0.92011184
0.27196226
0.69744706
0.38925818
1.0129752
0.2812759
0.76860034
0.4775817
0.98234475
0.25928688
0.7973737
0.5426659
0.92017585
0.32430115
0.6972776
0.44179645
1.0130954
0.33390749
0.76860034
0.5302133
0.98234475
0.31191847
0.7973737
0.59529746
0.92017585
0.37693277
0.6972776
0.49442807
1.0130954
0.38653907
0.76860034
0.58284485
0.98234475
0.36455005
0.7973737
0.64792913
0.92017585
0.42956433
0.6972776
0.5470596
1.0130954
0.43917072
0.76860034
0.63547647
0.98234475
0.4171817
0.7973737
0.7005607
0.92017585
0.48219582
0.6972776
0.59969115
1.0130954
0.49180222
0.76860034
0.68810797
0.98234475
0.4698132
0.7973737
0.7531922
0.92017585
0.5348275
0.6972776
0.65232277
1.0130954
0.54446775
0.76861227
0.74074787
0.982365
0.5224457
0.7973834
0.8058331
0.920177
0.5874452
0.6972711
0.7049779
1.0130926
0.59725034
0.7689866
0.7932799
0.9824952
0.5754685
0.79730713
0.8581167
0.92010593
0.64011693
0.6973715
0.7575257
1.0127927
0.65069294
0.7696253
0.84559524
0.9823561
0.6289537
0.79716176
0.9110187
0.9199082
0.69259095
0.69752663
0.8100749
1.0133027
0.70421106
0.7669068
0.89909595
0.98425156
0.6795332
0.79698014
0.9607535
0.91954947
0.74593586
0.6991268
0.8641879
1.0122099
0.7584521
0.76616395
0.95120627
0.9843453
0.7234602
0.80048937
1.0091591
0.9215134
0.798961
0.704681
0.9211139
1.0152454
0.8159946
0.76850057
1.0034984
0.9790611
0.7687031
0.79999
1.0639831
0.9210064
0.85052603
0.70995146
0.97643167
1.0172341
0.8665431
0.77436507
1.0632063
0.97780406
0.8305098
0.79984415
1.1178128
0.9250357
0.8970628
0.71568197
1.0352585
1.018561
-0.07976892
0.82462704
0.12378875
1.0241389
-0.11648757
0.84874654
0.17544961
0.9854274
-0.040793337
0.7773675
0.090642385
1.0626044
-0.033141345
0.8224844
0.17502533
1.0269836
-0.05673071
0.8459039
0.2264092
0.98198533
0.011076771
0.7706382
0.14052981
1.0643867
0.016318671
0.82265484
0.22584674
1.0254086
-0.007503152
0.8464035
0.27878127
0.97899485
0.06046439
0.75877583
0.191832
1.0623027
0.07083682
0.8214315
0.27612785
1.02734
0.0496466
0.84786665
0.33648407
0.9788834
0.11349699
0.7530907
0.2420493
1.062824
0.1254563
0.8198598
0.32550088
1.0284824
0.10346672
0.84808296
0.38839537
0.9795639
0.16699971
0.7547543
0.29230928
1.0632453
0.1769689
0.821213
0.3760269
1.0291528
0.15713003
0.8490234
0.44227192
0.9793355
0.22073153
0.75398123
0.34460083
1.0620825
0.22932667
0.82102305
0.42816722
1.0288739
0.20912893
0.8495753
0.49520606
0.9790909
0.27310652
0.75308996
0.3969288
1.0628967
0.28199756
0.8210864
0.48103523
1.028702
0.2615891
0.849498
0.54790384
0.97905165
0.32539573
0.7532634
0.4496018
1.0633829
0.33462915
0.8210864
0.53366685
1.028702
0.31422073
0.849498
0.6005354
0.97905165
0.37802735
0.7532634
0.50223345
1.0633829
0.3872607
0.8210864
0.5862984
1.028702
0.36685228
0.849498
0.653167
0.97905165
0.4306589
0.7532634
0.55486494
1.0633829
0.43989235
0.8210864
0.63893
1.028702
0.41948393
0.849498
0.7057986
0.97905165
0.48329046
0.7532634
0.6074966
1.0633829
0.49252385
0.8210864
0.6915615
1.028702
0.4721154
0.849498
0.7584301
0.97905165
0.5359221
0.7532634
0.6601282
1.0633829
0.5451631
0.82106566
0.7442027
1.0287327
0.52475095
0.84949315
0.81107175
0.9790536
0.5885451
0.7532663
0.71276903
1.063379
0.59799695
0.82134396
0.7969115
1.028912
0.57743835
0.8493082
0.8631916
0.9790352
0.6409188
0.753767
0.7652965
1.0630792
0.65111876
0.82205373
0.84973586
1.0289834
0.6302626
0.84943044
0.9163892
0.9787663
0.6933066
0.7548113
0.81779486
1.0632756
0.704032
0.8212947
0.9017175
1.0308058
0.6827375
0.84924096
0.96620065
0.97903305
0.74663746
0.75788665
0.8706517
1.0627058
0.7612604
0.8195516
0.9538977
1.0317498
0.72809625
0.85128164
1.0170081
0.9791181
0.7999597
0.75933546
0.9251842
1.0615675
0.8181348
0.8222434
1.0075717
1.029186
0.77625847
0.85068834
1.069557
0.9781058
0.8495966
0.76346594
0.9796195
1.0678533
0.8677908
0.8248729
1.0675014
1.0269954
0.8287036
0.85070384
1.1202251
0.98078954
0.9002722
0.765605
1.0377351
1.069425
-0.083563015
0.87147963
0.12774734
1.0747695
-0.11978935
0.8998896
0.17719416
1.039817
-0.041109327
0.82460225
0.09488954
1.1164912
-0.032078028
0.8729403
0.17817266
1.0728438
-0.06471382
0.89779294
0.2300763
1.0362128
0.01273717
0.817931
0.14594652
1.1182761
0.017619975
0.8740214
0.2278575
1.0751888
-0.014885902
0.8994825
0.27757266
1.0347999
0.064830355
0.8163719
0.19980937
1.1177251
0.06971408
0.86875176
0.27723125
1.0767524
0.03858511
0.9005458
0.33249038
1.0345106
0.11896546
0.816126
0.25074834
1.1177534
0.12220759
0.8687541
0.32936066
1.0781901
0.09240988
0.90087414
0.38508892
1.0344633
0.17117332
0.81687784
0.30236298
1.1201882
0.17560613
0.8695325
0.38067913
1.0789064
0.14558615
0.90160984
0.4390545
1.0339663
0.22403522
0.81505096
0.35499758
1.1204027
0.22847056
0.87019026
0.43275386
1.0797402
0.19942413
0.9019847
0.49147636
1.0338093
0.2764881
0.81418437
0.4071915
1.1197839
0.28117234
0.870307
0.48520672
1.0799286
0.25218493
0.9020241
0.54390484
1.0337735
0.32892033
0.8141724
0.45967606
1.1194513
0.33380395
0.870307
0.5378383
1.0799286
0.3048165
0.90202403
0.5965364
1.0337735
0.38155192
0.8141723
0.5123077
1.1194513
0.3864355
0.870307
0.5904699
1.0799286
0.3574481
0.9020241
0.649168
1.0337735
0.4341835
0.8141723
0.56493926
1.1194513
0.43906718
0.870307
0.6431015
1.0799286
0.41007972
0.90202403
0.70179963
1.0337735
0.48681504
0.8141723
0.6175708
1.1194513
0.49169868
0.870307
0.695733
1.0799286
0.46271122
0.9020241
0.7544311
1.0337735
0.53944665
0.8141723
0.67020243
1.1194513
0.54431915
0.87029827
0.7483711
1.07993
0.515314
0.90202796
0.8070594
1.0337694
0.59208256
0.81414974
0.72283906
1.1194586
0.59696794
0.8704826
0.80108273
1.079846
0.56782055
0.9020351
0.8594575
1.0338778
0.6446768
0.8143362
0.775435
1.1194193
0.64992017
0.8705873
0.85335857
1.0792484
0.62103045
0.90204453
0.9118097
1.0335757
0.69733346
0.81342524
0.8278818
1.1193132
0.7020385
0.8700201
0.9050106
1.0795758
0.6738
0.90224576
0.9628433
1.0334855
0.7499283
0.8115905
0.87979394
1.1193469
0.7553367
0.86935663
0.95852417
1.0796278
0.7225609
0.90261245
1.0140707
1.0332954
0.80087894
0.81152904
0.9331451
1.1183873
0.81319666
0.87019795
1.010841
1.0808303
0.7742115
0.9004654
1.0644664
1.0347686
0.84974617
0.8141954
0.9856215
1.1199576
0.86870766
0.87701327
1.068156
1.0780017
0.83372736
0.90241206
1.1194718
1.0393761
0.89958835
0.8216052
1.039091
1.1216747
-0.12506445
-0.112265244
0.21252958
0.21666671
-0.18749675
-0.07341048
0.30316946
0.17778847
-0.069299154
-0.19503063
0.17367926
0.29028034
-0.24693424
-0.055535983
0.31437826
0.14797856
-0.049466554
-0.25274557
0.14951666
0.35212797
-0.1571574
-0.17201439
0.27312672
0.24798775
-0.020052701
-0.1018081
0.30667993
0.21684691
-0.08008498
-0.06769796
0.40832347
0.17558685
0.026169233
-0.18492565
0.2741112
0.29075176
-0.15349583
-0.05234366
0.4136209
0.15063354
0.050022513
-0.25355744
0.24548814
0.37612915
-0.042969078
-0.16981567
0.38212606
0.23622556
0.08254211
-0.098822914
0.40468043
0.21530658
0.022920609
-0.06351865
0.5082761
0.18160751
0.1280888
-0.18225555
0.37575313
0.28546622
-0.04372844
-0.05725835
0.51479864
0.15250903
0.15220577
-0.24157679
0.34464258
0.3720801
0.07573962
-0.1662448
0.4958384
0.23501647
0.18380052
-0.094793364
0.49915278
0.21502878
0.120191365
-0.06330301
0.59259474
0.18452723
0.23097171
-0.18047479
0.47690284
0.28404537
0.06794351
-0.059346605
0.61430204
0.1527272
0.24970962
-0.23975183
0.4448641
0.37311983
0.18022433
-0.17005694
0.5998268
0.23128971
0.2835549
-0.09139489
0.59707457
0.21571745
0.2198957
-0.06283554
0.6901963
0.1841496
0.33176103
-0.18161605
0.57616246
0.28052714
0.1695739
-0.060104504
0.71163493
0.15197575
0.34923345
-0.2392511
0.5445843
0.3751804
0.28215942
-0.16988829
0.7008625
0.23094669
0.38355932
-0.09111568
0.69695854
0.21563858
0.31979534
-0.06286821
0.7902036
0.18403774
0.43165645
-0.18133806
0.6761886
0.2800851
0.26990992
-0.06029624
0.81178516
0.15201017
0.4493147
-0.23860838
0.6446136
0.37514782
0.38270023
-0.16963583
0.8002814
0.23101139
0.48369595
-0.091004044
0.79650676
0.21626288
0.4193247
-0.06260293
0.89013594
0.18364576
0.53117466
-0.18173176
0.776008
0.2800843
0.36998716
-0.060311124
0.90907013
0.15138087
0.54944015
-0.23891005
0.74449754
0.3745621
0.48208013
-0.17050005
0.8999795
0.2317854
0.5842088
-0.0897081
0.89919585
0.21601593
0.5205002
-0.064220905
0.99247026
0.18654382
0.63195884
-0.17652756
0.8749021
0.27862933
0.47038913
-0.060001597
1.0095135
0.15306112
0.64867973
-0.24326417
0.84511375
0.37956694
0.5860411
-0.16774014
1.0040684
0.22824368
0.6899743
-0.09026264
1.0018615
0.21515201
0.6229759
-0.06483619
1.086196
0.1871898
0.7299787
-0.18629399
0.9773574
0.28495783
0.56336546
-0.054391824
1.1254473
0.15380365
0.7494585
-0.2595262
0.9419456
0.36991447
0.6749532
-0.17442602
1.098196
0.23390296
0.784482
-0.103556514
1.1131754
0.21621978
0.70826286
-0.06638359
1.174315
0.18266925
0.83332676
-0.18420476
1.0752598
0.2899714
0.6721091
-0.05562011
1.2348773
0.15129936
0.8517871
-0.2572223
1.046434
0.3664447
0.7604048
-0.1696609
1.1903929
0.22861037
-0.12976101
-0.011709005
0.20096123
0.31662816
-0.19349536
0.032926634
0.30554393
0.28831875
-0.060993582
-0.08931154
0.17676428
0.3763816
-0.25892016
0.043308213
0.29922667
0.24842356
-0.051723804
-0.14820714
0.14778532
0.44754308
-0.15583807
-0.088912286
0.30074474
0.33200297
-0.024103776
0.0071668923
0.30167806
0.30662358
-0.078734905
0.036502346
0.41478103
0.28386348
0.030842416
-0.06906463
0.2755912
0.36607695
-0.15751839
0.039378077
0.38250715
0.25080585
0.044478387
-0.14600915
0.24410027
0.47315228
-0.040224344
-0.07850711
0.40829962
0.30403745
0.08181338
0.00915432
0.39729863
0.30070966
0.019544825
0.036272585
0.5023926
0.29356632
0.1292007
-0.07107143
0.37764817
0.3699562
-0.053155884
0.030734904
0.47024238
0.25235975
0.14245108
-0.14849569
0.3385366
0.48346466
0.07880366
-0.08212783
0.5167059
0.30231073
0.18477058
0.009542286
0.4908201
0.29829508
0.11680046
0.039159164
0.57863486
0.29847515
0.22953835
-0.068606734
0.47817442
0.36577734
0.058939666
0.03150989
0.5621536
0.25294554
0.2433881
-0.1446029
0.44110525
0.4829725
0.18673979
-0.077417806
0.6208351
0.30787742
0.2841636
0.013801187
0.5897047
0.29672977
0.2149895
0.03961833
0.6757668
0.2995891
0.33048505
-0.06803304
0.5789894
0.36348373
0.1601279
0.031102799
0.65486056
0.25269988
0.34215122
-0.14638895
0.53898627
0.4868679
0.2895872
-0.07854455
0.71747595
0.30905178
0.38441408
0.014063686
0.6897907
0.29643062
0.31496218
0.039738506
0.7761047
0.2997966
0.43003702
-0.06665984
0.6788304
0.36339578
0.26107484
0.030943371
0.754594
0.25285342
0.44213447
-0.14662118
0.6387081
0.48681873
0.3903135
-0.07891134
0.81671524
0.30938518
0.4846385
0.014757678
0.79017395
0.2970091
0.41326618
0.039892524
0.87663925
0.30085585
0.52997917
-0.06753455
0.77847236
0.36254966
0.36397368
0.029992618
0.8532217
0.25274786
0.5420071
-0.14571977
0.7375878
0.48798323
0.48882455
-0.07895133
0.91559964
0.31041336
0.588229
0.013755947
0.8920265
0.29866612
0.51486206
0.038355812
0.9809096
0.29959226
0.6295857
-0.07009184
0.87794894
0.36330637
0.46920943
0.031430528
0.96024024
0.25386184
0.6428926
-0.15180688
0.83879685
0.48870873
0.5888445
-0.07440852
1.0080692
0.3157395
0.6976264
0.012148485
0.9976112
0.3015281
0.6251904
0.04015544
1.0769477
0.29752174
0.72084606
-0.08489217
0.97817767
0.377097
0.5587554
0.044280194
1.0764933
0.2517703
0.74043924
-0.16156505
0.9384492
0.48527116
0.6790947
-0.066462934
1.1054916
0.3242967
0.79773223
0.0007774681
1.1190236
0.31114858
0.6999561
0.038729012
1.1477814
0.29203957
0.8331278
-0.08465825
1.0785073
0.39463782
0.69291925
0.046820626
1.2112397
0.25512302
0.8528213
-0.1514624
1.0373191
0.48222634
0.7605016
-0.061961234
1.1945369
0.31988835
-0.13230135
0.08631152
0.1995299
0.40939566
-0.19515896
0.12935486
0.30682534
0.39290193
-0.05770765
0.011894941
0.17302057
0.4745801
-0.26706985
0.14685827
0.28216013
0.3505681
-0.051533133
-0.04663989
0.14427955
0.5355902
-0.16276053
0.003964171
0.30786818
0.43273938
-0.02557543
0.10323718
0.29740074
0.39728114
-0.08100037
0.13699774
0.4158274
0.39098704
0.03518743
0.033526972
0.2726409
0.445217
-0.16406421
0.1408441
0.37259007
0.35210785
0.04157328
-0.053504795
0.23955503
0.5689976
-0.047152996
0.014478698
0.42307755
0.39685202
0.091422096
0.09758222
0.39864802
0.39041704
0.01020208
0.13561763
0.514127
0.40158975
0.13317236
0.039858043
0.37813905
0.44046423
-0.061407357
0.12700622
0.4462131
0.35224825
0.13727024
-0.043681204
0.3299257
0.58094275
0.07026681
0.00707072
0.5389482
0.38364628
0.19536333
0.09923366
0.48281085
0.38458696
0.10471207
0.13884123
0.595494
0.4048249
0.23307693
0.037566513
0.4790181
0.43786943
0.05374919
0.13199075
0.5278961
0.3489418
0.23599356
-0.048163593
0.42879063
0.58643293
0.1776322
0.0032989085
0.6512071
0.3888784
0.29412928
0.10335438
0.5822656
0.38393027
0.2063788
0.13922004
0.6902283
0.40494233
0.33375064
0.036832437
0.58169615
0.4379599
0.15739353
0.13080129
0.6280091
0.34786975
0.33660895
-0.04400423
0.52633196
0.58934176
0.28222492
0.0035393238
0.74816895
0.38795084
0.39396828
0.10397726
0.68231064
0.3836621
0.30658644
0.13906077
0.7904722
0.40501353
0.43396464
0.037904203
0.6814922
0.43724537
0.25853884
0.13015398
0.72704154
0.34805894
0.43621784
-0.044991463
0.6263941
0.5905081
0.3825183
0.0033921897
0.8471137
0.38793412
0.49292058
0.1046091
0.78119034
0.38392293
0.40647295
0.1407862
0.8906033
0.405457
0.5331677
0.037898377
0.78228855
0.4369098
0.3611138
0.12950964
0.82665086
0.34752452
0.5364205
-0.04379642
0.72519785
0.5922998
0.4829704
0.001477629
0.9442886
0.38844284
0.5958995
0.10617614
0.8859208
0.38995135
0.5070387
0.14136899
0.99090195
0.4021446
0.62811464
0.03907226
0.8828253
0.43901604
0.46282548
0.1310792
0.94103605
0.34906515
0.6392249
-0.05055824
0.8271543
0.5935422
0.58589363
0.008489788
1.0377989
0.3987655
0.69706744
0.10674062
0.9916143
0.3933029
0.6228832
0.13296016
1.0857536
0.39665687
0.72434354
0.048005953
0.9873227
0.45894098
0.5522089
0.14280519
1.0645349
0.34439406
0.7408636
-0.051261544
0.9290356
0.5913183
0.6589237
0.019416392
1.1303995
0.40564534
0.807089
0.10244569
1.11601
0.41394398
0.69467825
0.14393273
1.1425908
0.39175734
0.82609546
0.030349612
1.0856271
0.49361175
0.6850766
0.14900562
1.2022182
0.35047972
0.85031086
-0.04368508
1.0339174
0.5956466
0.7517051
0.034969926
1.2167928
0.41611394
-0.13064328
0.18675643
0.20083624
0.51377285
-0.19482237
0.23154847
0.3088622
0.49452686
-0.056641407
0.11563516
0.17331406
0.57631004
-0.26981962
0.24708614
0.2792459
0.45080313
-0.049147047
0.054855645
0.14370841
0.6372874
-0.15902048
0.098071605
0.31069258
0.53445697
-0.026923329
0.19974095
0.29346496
0.49558085
-0.08110154
0.2328114
0.4151975
0.49216253
0.033043705
0.13368022
0.27045575
0.5444497
-0.16604966
0.23858243
0.36530268
0.4535433
0.039752916
0.0520387
0.23955838
0.67440283
-0.042874932
0.11279449
0.42208833
0.5010896
0.09621738
0.19096722
0.39524543
0.48879123
0.011566043
0.2335084
0.51901364
0.5066442
0.13061509
0.14235505
0.37878618
0.53866243
-0.07083458
0.22844985
0.4331475
0.4505649
0.13540524
0.06331
0.32969356
0.68642366
0.0704954
0.099217445
0.5478029
0.48655483
0.19703369
0.1919782
0.48138887
0.4827118
0.10432996
0.23616737
0.60236573
0.5093247
0.2307481
0.14262632
0.47832328
0.5361301
0.042472973
0.2330389
0.51846427
0.4470963
0.23322117
0.05449766
0.425996
0.6974072
0.17830493
0.09841913
0.66203606
0.4919759
0.29456878
0.19528562
0.57928264
0.481573
0.2078714
0.23739111
0.6973696
0.50964504
0.3321168
0.14149159
0.58142
0.5329413
0.1460991
0.23162496
0.6150769
0.44605738
0.33302805
0.058793247
0.523711
0.70049137
0.27887672
0.10017614
0.7612143
0.48980647
0.39498946
0.195423
0.67949224
0.48146093
0.30845943
0.23717692
0.79793596
0.5092608
0.43223596
0.14317591
0.6811211
0.53258157
0.2472797
0.23121068
0.7150921
0.44619045
0.4328199
0.059030324
0.62336296
0.7009903
0.37917352
0.1004459
0.8601475
0.4904168
0.4951488
0.19556507
0.7796488
0.48222318
0.40788466
0.2388362
0.8999602
0.50982296
0.5317316
0.14286216
0.78184545
0.5326925
0.34814703
0.23052834
0.81501997
0.44538897
0.5325009
0.06018451
0.72203666
0.7014072
0.47857702
0.09878683
0.95888925
0.49147415
0.59926736
0.20083606
0.8864502
0.48700815
0.5070087
0.24169219
0.9960228
0.50684273
0.62742186
0.14217079
0.884614
0.5358099
0.45206854
0.23006767
0.92745423
0.44652033
0.6356616
0.049621165
0.8224869
0.6980195
0.58092856
0.10406199
1.0523376
0.49688438
0.70105016
0.20370914
0.9932234
0.48906404
0.61846286
0.23242718
1.091816
0.4990605
0.7242317
0.15558626
0.9892937
0.55545115
0.55107343
0.24489461
1.058038
0.44323897
0.74001324
0.042497665
0.9247291
0.6971054
0.6605096
0.11762282
1.1392413
0.4993432
0.8082993
0.20129903
1.1157278
0.5149918
0.6915842
0.24680898
1.1421458
0.4906136
0.8270054
0.13578358
1.0845232
0.5879812
0.6816993
0.25299525
1.1973754
0.45005375
0.8508376
0.059015483
1.032256
0.6997968
0.7496733
0.1300327
1.2272906
0.5126611
-0.13103676
0.28672254
0.20115572
0.612988
-0.19330864
0.33144936
0.30912974
0.5961853
-0.056858387
0.21775866
0.17303312
0.6769757
-0.26807237
0.34688464
0.2766559
0.55040777
-0.0498586
0.15457371
0.1439543
0.738588
-0.15702412
0.19596744
0.31208044
0.6354524
-0.027046457
0.29781651
0.29514802
0.5955566
-0.08031927
0.33300477
0.41726142
0.59298307
0.03256681
0.23208944
0.2706992
0.6434208
-0.16467664
0.33878994
0.36597034
0.5528633
0.04075344
0.15011808
0.23933165
0.7754744
-0.04290676
0.21050476
0.421451
0.6036418
0.092713654
0.28951484
0.3943292
0.58808213
0.009387374
0.33297384
0.5204955
0.60913575
0.13024999
0.24102196
0.3796053
0.6350883
-0.07066031
0.3277239
0.43232512
0.54973024
0.13489705
0.16297123
0.32925215
0.7862041
0.06711826
0.19703448
0.5511235
0.5881934
0.19586675
0.29102644
0.48073977
0.5805844
0.103514925
0.33822244
0.60175186
0.61130756
0.23052107
0.240287
0.47985184
0.63336915
0.044222042
0.33296588
0.5165023
0.54648626
0.23257601
0.15164658
0.4250945
0.7968451
0.175082
0.19544655
0.6671448
0.59213156
0.2932246
0.29424566
0.5786191
0.57857746
0.20670366
0.33953005
0.6970912
0.61214036
0.33281636
0.23938213
0.58239317
0.630823
0.14713337
0.331652
0.611624
0.5453565
0.33278313
0.15487754
0.5225684
0.80113107
0.27653107
0.19802406
0.7661067
0.5893638
0.39355505
0.29438686
0.6786096
0.5783804
0.307464
0.33919358
0.79766035
0.61185735
0.43292654
0.24122874
0.68214655
0.6302038
0.24818595
0.33122712
0.7115801
0.545591
0.43267405
0.1552003
0.62222636
0.8016934
0.37733752
0.19843051
0.86474544
0.5898752
0.49426952
0.29432642
0.7787529
0.5794853
0.407037
0.34100118
0.8993076
0.6124935
0.53206
0.24124354
0.7829652
0.6315036
0.34982246
0.3305838
0.8124475
0.5447824
0.53270835
0.15593442
0.7206674
0.8010808
0.47694677
0.19711983
0.9637287
0.5903073
0.59809214
0.29995304
0.8856364
0.5860637
0.50630367
0.3431075
0.99697506
0.6097069
0.62736934
0.24203624
0.8856273
0.635206
0.45341808
0.33076563
0.927512
0.54595315
0.635151
0.14817327
0.82097936
0.79738176
0.5792606
0.20243603
1.056991
0.59492546
0.7008999
0.30279273
0.9903725
0.5879199
0.6196937
0.3342424
1.0914719
0.60029763
0.7241013
0.25390106
0.99019253
0.65419745
0.55277973
0.3455535
1.0549247
0.54293734
0.7383631
0.13985303
0.9231201
0.7980323
0.6590638
0.21617699
1.1453997
0.59921473
0.80961096
0.30072087
1.1152021
0.61540353
0.69220054
0.34745792
1.1424929
0.59261537
0.8274586
0.23451659
1.0850366
0.68738794
0.6825887
0.3535679
1.1968591
0.5502837
0.850144
0.15742671
1.0315734
0.7995686
0.7485019
0.22851834
1.2291527
0.6113559
-0.13064378
0.38684165
0.20159972
0.712679
-0.19366461
0.43147677
0.3094092
0.6960723
-0.056641646
0.31792045
0.1733976
0.7762182
-0.26809025
0.4469115
0.27637613
0.6505467
-0.049756072
0.25428566
0.1438708
0.8388599
-0.15728505
0.295569
0.3119114
0.7353658
-0.0263149
0.3973801
0.29596573
0.694787
-0.08024666
0.4332149
0.4168948
0.69265294
0.03246872
0.33196217
0.2707377
0.74302024
-0.16461773
0.43870446
0.36567485
0.6526176
0.04111071
0.25028527
0.23923449
0.8764446
-0.043298647
0.30962592
0.42121506
0.7027038
0.09338392
0.3894101
0.39472425
0.6876507
0.010043174
0.43332696
0.5202007
0.7086381
0.13015181
0.34144104
0.37995595
0.7349763
-0.07022886
0.42749834
0.43306208
0.6496
0.1353702
0.2634198
0.32928294
0.88603
0.06715804
0.29582846
0.55037844
0.6881101
0.19615975
0.39058152
0.48146614
0.6802571
0.10409847
0.4384681
0.60187376
0.7112497
0.23032998
0.34036207
0.48047996
0.7335613
0.04518549
0.43265778
0.51682657
0.6465414
0.23321688
0.25172925
0.4251904
0.89596653
0.17566717
0.29468536
0.6664581
0.69194055
0.29371923
0.39383763
0.57950824
0.6781989
0.20754957
0.43987763
0.69715184
0.71198726
0.33265364
0.33949327
0.5826776
0.73171735
0.14817226
0.4313794
0.61240363
0.6454153
0.33346993
0.25511128
0.52261686
0.9000978
0.27665532
0.29716256
0.7657567
0.6890732
0.3939522
0.39409006
0.67954403
0.6780454
0.30825496
0.43948585
0.7976465
0.71172553
0.4327533
0.3414328
0.6825533
0.73108566
0.24946268
0.43094262
0.7121095
0.6456561
0.4333309
0.2554047
0.6222793
0.9010813
0.3773139
0.29765522
0.8643623
0.68964726
0.49453938
0.3941093
0.7794843
0.67924935
0.40793663
0.44110906
0.89888686
0.7124554
0.5320055
0.34158355
0.78345066
0.732202
0.3508296
0.43034393
0.81334007
0.6447646
0.5333615
0.2560479
0.72062963
0.9005578
0.47711188
0.2960769
0.96269447
0.69037586
0.59814304
0.39971995
0.8863866
0.68592703
0.5069051
0.44302964
0.9963707
0.7094506
0.62687904
0.34162223
0.8862075
0.73584783
0.45443252
0.430886
0.9281633
0.6461154
0.6357
0.2476486
0.8209679
0.89599276
0.5800706
0.3017124
1.0558771
0.6951629
0.7006148
0.40272054
0.9916314
0.68781567
0.61998886
0.4339256
1.0906407
0.7002206
0.72391844
0.35379577
0.9907657
0.75508916
0.5544393
0.4458978
1.0553256
0.64322937
0.73881495
0.24069893
0.9233067
0.8973663
0.6599516
0.31620628
1.1433406
0.6996806
0.80955875
0.4006634
1.1156949
0.7153307
0.6923007
0.4470989
1.1418538
0.692455
0.8271842
0.3349374
1.0852656
0.7885614
0.68306684
0.45356703
1.1974652
0.65039074
0.85041606
0.25791353
1.031546
0.8991534
0.7490578
0.3285166
1.2281759
0.7115898
-0.13078997
0.48639965
0.20130861
0.8123394
-0.1941557
0.5318022
0.309528
0.7958498
-0.056878973
0.41704458
0.17410357
0.87630206
-0.26826397
0.5474505
0.27697894
0.7509852
-0.04963456
0.35423413
0.14422248
0.93898904
-0.15867779
0.39733922
0.3118364
0.83434975
-0.02616869
0.4967121
0.29499853
0.7952945
-0.08089417
0.5330049
0.41726512
0.7926599
0.031794332
0.43260482
0.2705387
0.8431908
-0.16289622
0.5382858
0.36770242
0.7530685
0.041096926
0.34893295
0.23937622
0.9765419
-0.04310693
0.4102974
0.41902697
0.8021902
0.09192604
0.48865914
0.39331758
0.78841436
0.009996027
0.5343047
0.51920104
0.8083473
0.1297529
0.44102857
0.38049558
0.8329929
-0.06895156
0.5281466
0.43449098
0.7497432
0.13455465
0.36268172
0.32914957
0.9852499
0.06728485
0.3979326
0.54982173
0.7871955
0.1948162
0.48940745
0.48040804
0.7811841
0.10345568
0.5385274
0.60188633
0.8112833
0.23012516
0.44066423
0.48132673
0.8326307
0.04581897
0.53298205
0.51628786
0.74707335
0.23221955
0.351099
0.42490432
0.9954103
0.17447102
0.39606422
0.6661278
0.7904807
0.29187712
0.49227178
0.57843053
0.77908564
0.20643562
0.54087883
0.69801056
0.81206447
0.3318324
0.4396534
0.5833919
0.8306829
0.14937732
0.5319606
0.6140411
0.7456875
0.3324781
0.35287678
0.5228112
1.0010723
0.2755891
0.39714354
0.76500547
0.78709036
0.39222485
0.49267736
0.6785926
0.77905476
0.30712268
0.5405507
0.7979635
0.81170785
0.43195868
0.4412949
0.6832222
0.83022416
0.25046176
0.5315798
0.71306777
0.745807
0.43234274
0.35292396
0.62252074
1.0019362
0.37615386
0.39740914
0.8635819
0.78778416
0.49259728
0.49256325
0.7783951
0.7802417
0.4074921
0.5420793
0.8993034
0.8127358
0.5311334
0.4407577
0.7841966
0.8317978
0.35207698
0.5307557
0.8142154
0.744692
0.5326238
0.35348287
0.72100896
1.0012865
0.47604725
0.39585045
0.9617212
0.7888421
0.59704566
0.4977145
0.8861419
0.78611755
0.50692356
0.54345936
0.997874
0.80986434
0.625885
0.44045508
0.8867829
0.8364128
0.45545447
0.5310198
0.92845094
0.74608624
0.63558036
0.34550458
0.82171386
0.9963686
0.5787286
0.4016378
1.055325
0.7939142
0.7001969
0.5021078
0.9919732
0.78757447
0.61885846
0.53408545
1.0921314
0.8007305
0.7237365
0.4524927
0.99091053
0.856923
0.5566579
0.54514885
1.0549091
0.74321234
0.7392734
0.33857948
0.92298114
0.99787825
0.661003
0.41619426
1.1417301
0.7991341
0.8096345
0.50136626
1.1149004
0.8145745
0.6907164
0.5470675
1.1421868
0.7921034
0.82746696
0.43446404
1.0857855
0.88994783
0.683344
0.55365646
1.1981235
0.7505355
0.8504317
0.35688576
1.0311985
0.99911666
0.74859977
0.42910624
1.2279168
0.81145954
-0.13289556
0.5867394
0.20172736
0.9113332
-0.19621742
0.633856
0.30898452
0.8955781
-0.058181662
0.5138911
0.17365603
0.9760045
-0.26730573
0.64912313
0.27369928
0.85238653
-0.05052944
0.4504977
0.1433616
1.0425606
-0.15433241
0.49995166
0.31235838
0.9359452
-0.026729614
0.59533006
0.29650998
0.8926267
-0.083252
0.63202447
0.41533768
0.8950606
0.032060556
0.52992254
0.27228114
0.94419235
-0.15613267
0.64134574
0.3752413
0.8538778
0.04137872
0.44717965
0.23796083
1.0694487
-0.045155868
0.5135227
0.4186194
0.9094854
0.088241935
0.5869365
0.3960819
0.8879802
0.009034634
0.63240725
0.517429
0.9079259
0.1298996
0.5350719
0.38234228
0.9422775
-0.05953662
0.6332823
0.44428802
0.8531611
0.13632244
0.45836693
0.3250662
1.0765247
0.06577511
0.505512
0.545593
0.8979099
0.19137616
0.5856416
0.4836896
0.8836249
0.107658625
0.63461006
0.6057561
0.91190195
0.22845538
0.53321725
0.48468363
0.93978626
0.05632834
0.63723654
0.5261824
0.85068816
0.23170665
0.45227033
0.4224598
1.0867348
0.17053017
0.50311583
0.6657014
0.8999296
0.28892058
0.5854436
0.58303136
0.8819953
0.21104804
0.6354078
0.70334494
0.9132811
0.3299095
0.53573716
0.58679616
0.9391159
0.15907456
0.6368184
0.62667274
0.8502438
0.33194235
0.45356348
0.52054465
1.0907567
0.27290976
0.50445145
0.765892
0.89771706
0.38901144
0.5851959
0.68330663
0.88201547
0.31140345
0.6346334
0.80384773
0.9133098
0.43011492
0.5368918
0.68627256
0.9390799
0.2597298
0.63644105
0.7264081
0.8505035
0.4318207
0.4529933
0.6203473
1.0910778
0.37304616
0.5050466
0.86471593
0.89794075
0.4895573
0.5847208
0.78309596
0.8825324
0.41099626
0.6362194
0.904257
0.9133042
0.52971613
0.5378524
0.7875097
0.9394617
0.36009842
0.6359699
0.82789
0.8483683
0.53223777
0.45423722
0.71947134
1.089383
0.4730322
0.5042509
0.9635422
0.8984325
0.5960938
0.58901983
0.8889096
0.8881144
0.5090006
0.63838065
1.0005941
0.9092827
0.62212706
0.5410564
0.8899542
0.9434825
0.46219522
0.63555586
0.9422762
0.8481201
0.63645715
0.44836912
0.82015616
1.0885261
0.5777921
0.5060073
1.0524087
0.9006078
0.69641125
0.5948539
0.9934224
0.88828945
0.61969537
0.6310511
1.0958915
0.90152615
0.7222602
0.54892707
0.99158865
0.96126366
0.5687785
0.64418024
1.0611987
0.8469927
0.73692644
0.44073373
0.92317355
1.0848353
0.6620341
0.52339303
1.1364127
0.90232503
0.80831546
0.5968641
1.1163521
0.9143579
0.6924697
0.644382
1.148357
0.89197695
0.82468677
0.5320903
1.0868292
0.99504304
0.6871424
0.65362865
1.2023939
0.85158354
0.84825295
0.46182042
1.0300107
1.0991783
0.7506845
0.529927
1.227369
0.9141755
-0.1231469
0.6790428
0.21104294
1.0110948
-0.20334414
0.731032
0.31205854
0.9908664
-0.066816635
0.60952735
0.16802302
1.0865538
-0.260274
0.7489651
0.28304464
0.9520741
-0.047165804
0.5482824
0.1451785
1.1438272
-0.14807646
0.6065848
0.30144554
1.0435923
-0.021213353
0.6842269
0.3117886
0.9882462
-0.09180139
0.7276175
0.4089253
0.99407184
0.026109263
0.6129543
0.2779883
1.0506378
-0.14785649
0.74377567
0.37775213
0.95406014
0.04864248
0.54000425
0.23852059
1.1508307
-0.04398167
0.6129688
0.40044352
1.0172029
0.09496224
0.68590415
0.40752023
0.9822352
-0.00061377883
0.7303667
0.50532854
1.0002298
0.12348136
0.6235163
0.38644263
1.0497366
-0.057914197
0.7407377
0.4432472
0.95090294
0.14695023
0.5499997
0.3321026
1.1709118
0.0631938
0.6130031
0.51993674
1.0145034
0.19696179
0.68439394
0.4997349
0.98204666
0.091272414
0.73322016
0.59726673
1.0038981
0.22353134
0.6275328
0.4883838
1.0481164
0.04888636
0.7474696
0.5212328
0.9517763
0.24353471
0.55069256
0.4264715
1.1814762
0.1648457
0.60860866
0.63818955
1.0128597
0.29492366
0.68651533
0.5977237
0.9803214
0.1940659
0.7340157
0.69529474
1.0042214
0.32265782
0.6311596
0.590438
1.045791
0.1521937
0.74733806
0.62316
0.951543
0.34276518
0.55564237
0.52389884
1.1857265
0.2653046
0.6079781
0.74129295
1.0115767
0.39509892
0.6859664
0.6975368
0.9806751
0.29443642
0.7334866
0.79640436
1.0044053
0.42272085
0.6319191
0.6901112
1.0457118
0.25349483
0.7469579
0.7229061
0.9515692
0.44306263
0.5553906
0.6237676
1.1862257
0.36586618
0.6077932
0.8406919
1.0115038
0.4957947
0.686578
0.79676586
0.9813939
0.3963245
0.73395467
0.8971033
1.005366
0.5227794
0.63178027
0.79067355
1.0470467
0.35386062
0.7467871
0.8250567
0.9502053
0.54256076
0.5551089
0.7225233
1.186571
0.4649291
0.6086322
0.9409791
1.0119842
0.59674376
0.6865748
0.8995344
0.98566175
0.49498507
0.7360703
0.9981054
1.0016224
0.6178617
0.62914854
0.8934255
1.051583
0.4535432
0.74576724
0.93510425
0.94892955
0.6450827
0.5569005
0.8229542
1.1870348
0.5693047
0.6105989
1.0327818
1.0140451
0.691028
0.69162464
0.99814355
0.98483574
0.60600996
0.7271136
1.0947849
0.99470913
0.71973467
0.64664793
0.9905385
1.0588596
0.55971146
0.7480789
1.0567068
0.9453595
0.7425035
0.55021226
0.9232236
1.1900164
0.6509335
0.6211886
1.1241832
1.0136564
0.8014536
0.6910709
1.1119909
1.002745
0.68908596
0.7439872
1.1668915
0.9907056
0.8227211
0.63331115
1.0870836
1.0921355
0.6751878
0.7572079
1.2027079
0.95185995
0.8510913
0.5575062
1.0302441
1.1962491
0.7505402
0.6232711
1.2143202
1.0183136
-0.12634201
0.77534306
0.21108486
1.1030002
-0.2109947
0.829502
0.30289963
1.086983
-0.06914436
0.71020186
0.16723964
1.1887547
-0.26880163
0.852062
0.3207931
1.0500209
-0.04642951
0.65291244
0.14565781
1.2505181
-0.14382854
0.72228986
0.28305545
1.1424357
-0.02722457
0.76584285
0.3099051
1.0868791
-0.114042476
0.82427806
0.40203947
1.0898929
0.020600513
0.70536256
0.27730054
1.1738997
-0.1634675
0.84677887
0.41506305
1.052146
0.050764628
0.6477336
0.2405388
1.2558856
-0.050063744
0.7130532
0.3905366
1.1343812
0.07854737
0.77341425
0.40903884
1.0803677
-0.015042484
0.82994395
0.49864715
1.0889642
0.11943236
0.7167312
0.3840001
1.1707757
-0.06632392
0.84862614
0.49181938
1.0541406
0.145333
0.6612235
0.33707803
1.2716563
0.04879251
0.7032124
0.50086
1.1292812
0.1787607
0.774746
0.5070458
1.0788306
0.085808575
0.83233714
0.5994249
1.0907198
0.22085148
0.71491635
0.48439378
1.1692396
0.035990834
0.84855187
0.57892126
1.0521114
0.24355394
0.65759575
0.43169206
1.2781965
0.15605012
0.7008327
0.61135864
1.1247919
0.2787066
0.7748639
0.60680664
1.077898
0.1878097
0.832816
0.6990298
1.0907202
0.32226276
0.71541345
0.5841854
1.1657459
0.13763282
0.8480974
0.680197
1.0500062
0.34348172
0.65902317
0.530189
1.2780685
0.25643575
0.7008447
0.7132598
1.125788
0.3791208
0.77473295
0.7069315
1.0783349
0.28769183
0.83277285
0.79947174
1.0907283
0.42228162
0.71564597
0.6840495
1.1662068
0.23868462
0.8481397
0.780015
1.0498962
0.4436194
0.658813
0.63003135
1.2777572
0.35646605
0.70086443
0.81263876
1.1260229
0.4798525
0.7743076
0.80710095
1.0787997
0.38897073
0.83204085
0.8997357
1.0909928
0.5217506
0.7152823
0.78455335
1.1667464
0.33858725
0.84792835
0.88014936
1.049634
0.5435017
0.65866566
0.7298036
1.2766626
0.45552504
0.70010823
0.9117811
1.1261549
0.5802226
0.77578545
0.9119102
1.0854514
0.4872954
0.83314836
0.9985385
1.0898592
0.6179025
0.7149476
0.8870243
1.1741387
0.44058535
0.8476391
0.9826715
1.0490537
0.6444732
0.6613835
0.8291606
1.273098
0.5628446
0.70079684
1.0099239
1.1264095
0.6772909
0.7870532
1.0158451
1.0856442
0.588781
0.8265246
1.0946082
1.085291
0.72155523
0.7179768
0.9860066
1.1673481
0.543664
0.8500569
1.0895361
1.0438925
0.7408773
0.6570276
0.93189514
1.2676296
0.6572272
0.70737404
1.0993296
1.1267796
0.7842856
0.7882801
1.1161609
1.0999688
0.6865562
0.8354896
1.1862675
1.0824443
0.82178164
0.71441793
1.0815545
1.1826123
0.6478531
0.85630995
1.2198496
1.046321
0.8460786
0.6511041
1.0331193
1.2698594
0.75126576
0.72634864
1.1934234
1.1286938
-0.1478735
-0.14638914
0.33610904
0.35423237
-0.25874573
-0.08244908
0.44763273
0.2608671
-0.07161334
-0.2733782
0.27858883
0.4971267
-0.36875963
-0.039906107
0.52286595
0.25518098
-0.038558066
-0.33707
0.24503526
0.53839934
-0.21567756
-0.18993622
0.41248506
0.36729097
0.046496868
-0.14913785
0.5426547
0.3583017
-0.06347668
-0.09852874
0.6644104
0.26389632
0.13251218
-0.26236337
0.45643887
0.49021715
-0.14347407
-0.030692317
0.72649586
0.2655996
0.17133883
-0.32588968
0.43955925
0.50877064
-0.013135791
-0.1908514
0.6089585
0.36413127
0.24495691
-0.15043229
0.7454967
0.3566597
0.12955216
-0.10254442
0.85983324
0.26300994
0.33116755
-0.26087254
0.6580589
0.49460834
0.043391496
-0.032033183
0.94046795
0.26646116
0.37287888
-0.33241454
0.6392629
0.5031811
0.18764251
-0.18604693
0.8094551
0.3642641
0.4450887
-0.14927793
0.9462093
0.35529542
0.33000228
-0.10219243
1.0633078
0.26265892
0.5294871
-0.2587799
0.858977
0.4914123
0.24124742
-0.03339219
1.1409216
0.26503676
0.5721263
-0.33195424
0.838309
0.5030201
0.38889563
-0.18312678
1.0060827
0.36523095
0.6488788
-0.15840027
1.1493434
0.35616437
0.53262913
-0.094570845
1.2566807
0.27194014
0.72151077
-0.25397727
1.0666806
0.4861605
0.45325804
-0.03175389
1.3630635
0.26051918
0.7706044
-0.3396422
1.0361236
0.5176227
0.609756
-0.17887554
1.1914606
0.36429724
-0.15830679
0.06666081
0.3350917
0.5519861
-0.25212651
0.12857918
0.4768129
0.44580758
-0.08879514
-0.069743454
0.30070186
0.71952647
-0.37028784
0.1641021
0.52669305
0.45124915
-0.04045955
-0.1397376
0.23537877
0.72276574
-0.23192859
0.009089768
0.43060875
0.5511916
0.05268006
0.06594151
0.54643804
0.5519596
-0.03164479
0.105456516
0.67860913
0.45296568
0.10970025
-0.07475847
0.4693299
0.7469243
-0.18720707
0.18475398
0.76459503
0.4658642
0.17022127
-0.12787616
0.43563312
0.6897383
-0.038330495
0.0028322637
0.6121635
0.5433308
0.2641651
0.05628003
0.752734
0.55490446
0.16380802
0.10026847
0.87951803
0.45013577
0.30207142
-0.076153636
0.6740098
0.77328163
0.028915942
0.18337618
0.95849055
0.47404873
0.3716706
-0.12646556
0.6362014
0.6910666
0.16322437
0.0077424347
0.80358446
0.5335053
0.47002596
0.05375573
0.9532382
0.55600655
0.363265
0.095179364
1.0806465
0.44919062
0.5000292
-0.07875013
0.87471104
0.7693467
0.22079548
0.18379964
1.1548332
0.4718802
0.5728309
-0.13182122
0.83703005
0.700696
0.3675861
0.010813773
1.001848
0.5352801
0.67797774
0.04058194
1.1439345
0.55261654
0.56932557
0.09540953
1.2611393
0.4625435
0.70899945
-0.07541549
1.0668486
0.7580825
0.44186243
0.17879933
1.367782
0.4668194
0.77597034
-0.14807364
1.0342869
0.70364
0.6120142
0.043742478
1.16813
0.5441415
-0.1577264
0.26915175
0.3301257
0.7562992
-0.24749327
0.3297186
0.48037326
0.6451623
-0.094017886
0.123446465
0.30131453
0.92952156
-0.3632075
0.36235896
0.52961046
0.6484126
-0.043655716
0.05881372
0.23577613
0.9325197
-0.22544995
0.20967323
0.4277806
0.7409432
0.04537736
0.27680814
0.54504406
0.77133596
-0.020006627
0.29997724
0.6950152
0.64474434
0.1013041
0.119029015
0.46325326
0.95286095
-0.17643455
0.377191
0.7701428
0.662607
0.16651267
0.051209897
0.4436308
0.8799721
-0.034697413
0.20289752
0.61314416
0.7306279
0.26307985
0.26260036
0.75435674
0.776465
0.18463975
0.28858644
0.89048713
0.63716835
0.29956588
0.114197195
0.67034495
0.9955347
0.039877445
0.38021934
0.9795916
0.6769775
0.36419374
0.05989471
0.6396355
0.8705218
0.16051227
0.2028839
0.8067066
0.71270275
0.47108793
0.2585559
0.95527756
0.7772436
0.3858392
0.2852884
1.0893748
0.63706666
0.49923086
0.11419943
0.8698453
0.98176956
0.23076048
0.38250533
1.1739006
0.674456
0.56782335
0.061284393
0.8387926
0.8766887
0.3652457
0.20232368
0.999743
0.7141749
0.6862124
0.25145298
1.147799
0.76870185
0.5774141
0.29243243
1.2688904
0.654677
0.70762515
0.11273897
1.060659
0.96792936
0.43367267
0.37824142
1.3625565
0.6673415
0.77409536
0.036334842
1.0377635
0.88572
0.6073309
0.23858318
1.1589202
0.7343329
-0.15748243
0.470147
0.3317786
0.9540067
-0.2450861
0.52866787
0.4860662
0.8451889
-0.093113765
0.3228772
0.30053735
1.1242292
-0.35670298
0.56275547
0.5291493
0.84791934
-0.04521709
0.25682893
0.2355907
1.1398908
-0.225357
0.40862262
0.42913973
0.9439006
0.038319737
0.48117644
0.5481427
0.96870893
-0.02130881
0.50203586
0.69534004
0.8398955
0.09617965
0.32506305
0.46489686
1.1501935
-0.1706911
0.57418317
0.7673693
0.8611081
0.16875185
0.2578964
0.44393468
1.0870281
-0.03272894
0.4028879
0.60694563
0.9299251
0.25605503
0.46186918
0.7544887
0.975864
0.18861386
0.4933821
0.8968288
0.83430994
0.2979185
0.31754968
0.6729053
1.1955783
0.050034195
0.57563615
0.979748
0.87366056
0.365708
0.26262224
0.63856816
1.0784702
0.16061857
0.40798733
0.8018079
0.913131
0.4653448
0.4591641
0.95656395
0.97655463
0.38787335
0.48848242
1.0980616
0.8356878
0.4977914
0.31777743
0.8712162
1.1843597
0.23927084
0.57825613
1.1741736
0.87170196
0.5686331
0.2608759
0.8362067
1.0866933
0.363626
0.4062215
0.99789524
0.91518223
0.68735933
0.4506875
1.1470894
0.96787727
0.58090687
0.49257988
1.2746779
0.85486513
0.7064048
0.31719473
1.0640709
1.165173
0.4391019
0.57651126
1.3607819
0.86692846
0.7731747
0.23560372
1.0355585
1.0835454
0.6048025
0.43801433
1.1597708
0.93388754
-0.14763534
0.66041493
0.3490501
1.151348
-0.2396996
0.73065794
0.48737657
1.0528821
-0.0949467
0.52116024
0.29829937
1.2921828
-0.34041777
0.75991774
0.54444283
1.0476061
-0.045333542
0.46088037
0.23585704
1.3276525
-0.20110181
0.60468173
0.41900805
1.1541272
0.048702717
0.66004527
0.55318224
1.1646225
-0.008687168
0.7143793
0.68010426
1.043734
0.09062506
0.53468025
0.46332014
1.325807
-0.14140618
0.7656285
0.766238
1.0574434
0.16157657
0.45805955
0.44419265
1.3114388
-0.0037900805
0.61849463
0.60885954
1.1373947
0.25948083
0.6534153
0.7544124
1.1708724
0.20531088
0.71166044
0.8874504
1.0421047
0.28765184
0.5292442
0.6648702
1.3609626
0.07493836
0.7720669
0.9725669
1.0655017
0.36240244
0.4789416
0.63944554
1.3071256
0.18637276
0.61631763
0.80117095
1.1189073
0.46163344
0.6502151
0.9567815
1.1711855
0.4049022
0.7098949
1.0874395
1.0417585
0.48865014
0.5288719
0.8661255
1.3588581
0.26691586
0.7715891
1.1678445
1.0648713
0.5646487
0.48360667
0.8381737
1.3159838
0.38480902
0.61372924
1.0001683
1.1197329
0.6682304
0.66018534
1.1509829
1.1632031
0.6049446
0.70668
1.273112
1.0586922
0.6971328
0.5268574
1.0634872
1.3380363
0.4503823
0.76797235
1.3416524
1.0654544
0.7650701
0.46319747
1.0440274
1.2980567
0.6161711
0.6356795
1.1733961
1.1280581
-0.14955322
-0.16911535
0.485281
0.49528402
-0.30547535
-0.05475405
0.6089076
0.3851799
-0.0609625
-0.25035873
0.38770482
0.6405345
-0.41441897
-0.026524842
0.7414434
0.35758233
-0.018035695
-0.43418556
0.36452657
0.7050031
-0.19249547
-0.1995596
0.53393054
0.52521706
0.16607055
-0.15277684
0.7955352
0.52105445
0.04393387
-0.053966388
0.9484945
0.35870516
0.27747446
-0.2687875
0.70435005
0.6023536
-0.0866417
-0.012630373
1.0794967
0.3580038
0.3284538
-0.451939
0.702574
0.6827065
0.094334185
-0.21646678
0.8786455
0.5334443
0.48425803
-0.14018296
1.1571335
0.51324755
0.38097206
-0.06363213
1.2974782
0.3701033
0.60866964
-0.2903728
1.0411222
0.5914644
0.2909844
-0.01865746
1.4005828
0.35227484
0.662406
-0.45666468
1.0252284
0.67722166
0.44608086
-0.19619665
1.195082
0.551566
-0.15267774
0.1942716
0.49816236
0.838346
-0.26210392
0.27864885
0.5824808
0.7186532
-0.069658056
0.107241035
0.387276
0.9735426
-0.36068997
0.31519327
0.74448764
0.69317544
-0.011193931
-0.14823574
0.3561658
1.0346687
-0.17790543
0.16932955
0.5720233
0.8416269
0.18424174
0.15710112
0.8055328
0.83815086
0.10138211
0.27164042
0.89574313
0.69047976
0.29184717
0.10166967
0.71457165
0.9652008
-0.056405365
0.32804626
1.085839
0.67961735
0.3491148
-0.16430464
0.7093239
0.9882932
0.14831677
0.12770167
0.89886594
0.85687816
0.50351405
0.18012422
1.1494367
0.8320865
0.4087383
0.2797848
1.2577137
0.70455164
0.62159324
0.05767724
1.0417447
0.92437255
0.29898542
0.32398558
1.399085
0.6830888
0.686532
-0.14140317
1.0335777
0.9851912
0.43549198
0.14940074
1.2224507
0.84711134
-0.15706795
0.5193317
0.4934134
1.158997
-0.26284033
0.6149978
0.57680184
1.0646639
-0.068252414
0.4114486
0.39117217
1.2760643
-0.35003042
0.6509997
0.7159127
1.0304856
-0.005497098
0.20808053
0.34839898
1.4011273
-0.19878316
0.5010888
0.57769126
1.1671264
0.1952787
0.49494603
0.8154575
1.1631628
0.08856508
0.61415666
0.9149703
1.0803883
0.27833048
0.38185742
0.715528
1.2830359
-0.06410903
0.64930356
1.0943098
1.0257202
0.34980315
0.20601475
0.6864373
1.3747116
0.13679668
0.48712426
0.93628883
1.1983802
0.52848303
0.49000338
1.1536287
1.1469939
0.4031017
0.612323
1.262682
1.0624473
0.60745764
0.37634385
1.0540859
1.2797997
0.2587778
0.6528633
1.434895
1.0263801
0.6707428
0.22045892
1.0264618
1.3536928
0.4575053
0.46709862
1.2263584
1.1851457
-0.14524728
-0.16108875
0.65998155
0.65214694
-0.32461357
-0.025400698
0.7969508
0.536914
-0.017478704
-0.32783306
0.53086096
0.80683887
-0.47559372
0.040543824
0.964581
0.48538485
0.028485864
-0.45672074
0.47397277
0.9044198
-0.19044328
-0.200134
0.70804846
0.6698245
0.34714332
-0.14480981
1.1808778
0.6130831
0.18597591
-0.050283805
1.3164855
0.54616433
0.4653478
-0.3040236
1.0445459
0.8165271
0.07802671
0.036138207
1.4498813
0.4930069
0.52437544
-0.44186795
0.9647819
0.93794405
0.27652296
-0.15564668
1.1695728
0.672109
-0.16105023
0.32566184
0.65521526
1.1347952
-0.33662164
0.47530594
0.8287307
1.0472233
-0.02828592
0.16580325
0.54530644
1.2777817
-0.5425612
0.518963
0.9307538
0.9852067
0.016831815
0.11752516
0.49093843
1.4459257
-0.18627214
0.28319922
0.7179526
1.1819766
0.3135338
0.33086714
1.1537296
1.1336429
0.13043743
0.47471622
1.3112991
1.0587325
0.45461962
0.19706339
1.0572819
1.2999108
-0.010246575
0.5275018
1.4538362
0.9756923
0.51401377
0.0672853
0.9793161
1.4071293
0.26441517
0.3077305
1.2080275
1.152884
0.05101484
0.020201743
0.986862
0.98869556
-0.20766708
0.1581547
1.1846048
0.82336366
0.16229564
-0.17805687
0.8266716
1.1495588
-0.36070052
0.23710242
1.323318
0.76911867
0.23876095
-0.28295934
0.77353394
1.3160069
-0.0176467
0.038146943
1.0026212
0.9796078
