-0.019320248
0.12988764
0.05321937
0.1081721
-0.04426664
-0.18059139
-0.06377704
-0.20181209
-0.093056075
-0.009078585
-0.1866639
-0.009848192
0.019961653
-0.0075985864
-0.019765075
0.05029286
-0.023795987
-0.27022895
-0.049998887
-0.23455633
-0.11538319
-0.12016612
-0.178974
-0.05170396
-0.0038429769
-0.033395782
-0.08579637
0.07505432
0.026400112
-0.26803786
0.010628135
-0.39368173
-0.1508334
-0.17179306
-0.24934277
-0.040180296
0.06575372
-0.15300784
-0.18715404
0.10444528
0.06607456
-0.33976966
-0.051424682
-0.51223356
-0.10645812
-0.16612844
-0.18103816
-0.086571604
0.015314609
-0.17736565
-0.17300649
0.11669183
0.08235666
-0.39354828
-0.010306105
-0.49633247
-0.07117996
-0.12514775
-0.22621721
-0.11901667
-0.0063174674
-0.1716526
-0.16087149
0.12925436
0.052298762
-0.39672834
-0.03433584
-0.5376388
-0.06611896
-0.1477601
-0.23746756
-0.13074094
-0.010891185
-0.18723825
-0.16602749
0.14040089
0.046333935
-0.40289646
-0.0257903
-0.5423001
-0.07154575
-0.12837985
-0.24924317
-0.13129056
-0.010141139
-0.1889644
-0.17040026
0.14262749
0.04719722
-0.40250364
-0.022949442
-0.5456767
-0.07216349
-0.13003908
-0.24725308
-0.13039213
-0.010141139
-0.1889644
-0.17040026
0.14262749
0.04719722
-0.40250364
-0.022949442
-0.5456767
-0.07216349
-0.13003908
-0.24725308
-0.13039213
-0.010141139
-0.1889644
-0.17040026
0.14262749
0.04719722
-0.40250364
-0.022949442
-0.5456767
-0.07216349
-0.13003908
-0.24725308
-0.13039213
-0.010141139
-0.1889644
-0.17040026
0.14262749
0.04719722
-0.40250364
-0.022949442
-0.5456767
-0.07216349
-0.13003908
-0.24725308
-0.13039213
-0.010141139
-0.1889644
-0.17040026
0.14262749
0.04719722
-0.40250364
-0.022949442
-0.5456767
-0.07216349
-0.13003908
-0.24725308
-0.13039213
-0.010856373
-0.18917334
-0.17036515
0.14275047
0.046743255
-0.40261725
-0.02272074
-0.5457792
-0.07226229
-0.12969333
-0.24809729
-0.12997556
-0.018055355
-0.19315569
-0.16949521
0.14443219
0.049752172
-0.40428466
-0.02432049
-0.53942525
-0.0764962
-0.13371862
-0.25640988
-0.120952055
0.004869741
-0.19489728
-0.18491709
0.12907366
0.055134766
-0.38086247
-0.014825706
-0.5400524
-0.08255809
-0.13218553
-0.24320772
-0.10346431
-0.006751936
-0.19455868
-0.22389354
0.10689701
-0.003924556
-0.406193
-0.040622596
-0.5793557
-0.08023599
-0.14914212
-0.25553155
-0.11037512
-0.07610378
-0.18598998
-0.18940103
0.12986706
0.07680931
-0.31222126
-0.062077288
-0.54754525
0.080144934
-0.20593716
-0.2245159
-0.18898717
-0.15529823
-0.16049823
-0.17391445
0.0032578632
0.21740001
-0.3474181
-0.020119706
-0.511199
0.03345024
-0.13984984
-0.19363412
-0.2744542
-0.071742035
-0.06249072
0.008778885
-0.15743627
0.1350169
-0.22439292
-0.05062185
-0.38325244
0.003904
-0.21661916
-0.05237996
-0.021915542
-0.07946705
0.06924942
0.13512573
-0.026152343
0.010833919
-0.38540918
0.04207426
-0.21238463
-0.12187884
-0.073736176
-0.35412526
-0.14480154
-0.13027452
-0.050733477
0.04245401
0.020101942
0.08149117
-0.55604297
-0.08159118
-0.30048922
-0.21690564
-0.22424349
-0.47433233
-0.14450401
-0.22801155
0.11504942
-0.07103151
0.083803505
0.07441293
-0.6170463
-0.0006185472
-0.45606798
-0.24711984
-0.25477415
-0.43493444
-0.031946428
-0.2563615
0.10098361
-0.16858274
0.050875396
-0.0136852
-0.59416187
-0.034791265
-0.61693823
-0.28728694
-0.22703432
-0.48591578
0.003321886
-0.2542897
-0.0056965947
-0.24705291
0.07025561
-0.017645229
-0.5935995
0.014704794
-0.65074235
-0.25548628
-0.18200248
-0.53775597
-0.037152655
-0.30692083
-0.03371714
-0.2903655
0.057886034
-0.062178195
-0.6009748
0.047435395
-0.6550648
-0.20853618
-0.19286911
-0.5673849
-0.0005244389
-0.313799
-0.028781518
-0.3216236
0.048838466
-0.063640855
-0.58767045
0.057111416
-0.6622354
-0.21919332
-0.19874269
-0.55652213
0.0035646409
-0.31651413
-0.038891897
-0.31941354
0.046406776
-0.06515603
-0.5881767
0.059176654
-0.6678915
-0.22204758
-0.19460945
-0.55945325
0.0041153505
-0.31651413
-0.038891897
-0.31941354
0.046406776
-0.06515603
-0.5881767
0.059176654
-0.6678915
-0.22204758
-0.19460945
-0.55945325
0.0041153505
-0.31651413
-0.038891897
-0.31941354
0.046406776
-0.06515603
-0.5881767
0.059176654
-0.6678915
-0.22204758
-0.19460945
-0.55945325
0.0041153505
-0.31651413
-0.038891897
-0.31941354
0.046406776
-0.06515603
-0.5881767
0.059176654
-0.6678915
-0.22204758
-0.19460945
-0.55945325
0.0041153505
-0.31651413
-0.038891897
-0.31941354
0.046406776
-0.06515603
-0.5881767
0.059176654
-0.6678915
-0.22204758
-0.19460945
-0.55945325
0.0041153505
-0.31638947
-0.03874576
-0.319339
0.046334267
-0.065258235
-0.58832324
0.058852844
-0.66796356
-0.22215298
-0.19446069
-0.55948037
0.0043111145
-0.3197833
-0.029287338
-0.31636146
0.040492862
-0.057979904
-0.588439
0.058460187
-0.6668778
-0.23066962
-0.19451296
-0.5616777
0.013569675
-0.30941024
-0.024546415
-0.28189987
0.040634125
-0.07420831
-0.5825362
0.05434073
-0.6484192
-0.23310363
-0.18823183
-0.55148983
0.04240419
-0.3063519
-0.027492955
-0.3450605
0.10021123
-0.11181983
-0.5775418
0.045668088
-0.72734386
-0.15765014
-0.21619499
-0.51076186
0.07821441
-0.3877369
0.048949048
-0.43980455
0.036347345
-0.12674962
-0.51602894
-0.012504302
-0.7272627
-0.01594932
-0.1371835
-0.44591278
0.0038662814
-0.3009743
0.038314298
-0.41746855
-0.09359899
-0.12517683
-0.3984323
0.039785985
-0.81240904
-0.12761998
-0.027398359
-0.4413054
-0.007341344
-0.25418514
0.24194951
-0.10605328
-0.14502655
-0.058545485
-0.2778225
-0.077422455
-0.53658926
-0.3539025
-0.193902
-0.25252658
0.13595732
-0.17175883
0.19568597
0.07623184
-0.028696783
0.027974352
-0.5926254
0.13648403
-0.31743377
-0.1438415
-0.119566575
-0.44472462
-0.23395862
-0.35116664
0.13818929
-0.0073673837
0.034489714
0.11341689
-0.6875608
-0.113286056
-0.4041154
-0.2692746
-0.24870437
-0.47070137
-0.084036455
-0.45472696
0.29223928
-0.038959846
0.15819347
0.22458628
-0.74410605
-0.0927335
-0.65515554
-0.33984554
-0.43030247
-0.5264231
0.14395294
-0.50801826
0.25759545
-0.021555856
0.122687265
0.11139235
-0.66430414
-0.09633616
-0.85393155
-0.3327749
-0.43229777
-0.5776666
0.19298173
-0.5384294
0.17761451
-0.089420736
0.1079492
0.06497396
-0.65951264
-0.058025323
-0.8593739
-0.38298094
-0.38212705
-0.6941327
0.25490537
-0.59713936
0.2075941
-0.117292136
0.14155662
0.057390388
-0.6989512
-0.027446456
-0.9030844
-0.32721058
-0.3471771
-0.7272934
0.25794366
-0.6093292
0.19864574
-0.12144548
0.14392781
0.041593146
-0.6798639
-0.020418927
-0.8999161
-0.34618735
-0.34082922
-0.7179723
0.26867703
-0.59956443
0.2045328
-0.12386131
0.14478174
0.048660662
-0.6785445
-0.026467115
-0.9079393
-0.3474333
-0.3420736
-0.7230964
0.27934074
-0.59956443
0.2045328
-0.12386131
0.14478174
0.048660662
-0.6785445
-0.026467115
-0.9079393
-0.3474333
-0.3420736
-0.7230964
0.27934074
-0.59956443
0.2045328
-0.12386131
0.14478174
0.048660662
-0.6785445
-0.026467115
-0.9079393
-0.3474333
-0.3420736
-0.7230964
0.27934074
-0.59956443
0.2045328
-0.12386131
0.14478174
0.048660662
-0.6785445
-0.026467115
-0.9079393
-0.3474333
-0.3420736
-0.7230964
0.27934074
-0.59956443
0.2045328
-0.12386131
0.14478174
0.048660662
-0.6785445
-0.026467115
-0.9079393
-0.3474333
-0.3420736
-0.7230964
0.27934074
-0.59997934
0.20372795
-0.12309477
0.14513469
0.048880544
-0.679378
-0.027341358
-0.9081204
-0.3465665
-0.3419572
-0.7230606
0.28000408
-0.5968558
0.20900527
-0.12211272
0.1375775
0.058486566
-0.69243246
-0.036736056
-0.9075191
-0.3564323
-0.3423334
-0.7245885
0.28755298
-0.5944867
0.2156088
-0.11076492
0.13159811
0.051305585
-0.6661624
-0.061601095
-0.88663256
-0.35630688
-0.33080965
-0.74858475
0.31915706
-0.5923754
0.23443124
-0.15139192
0.23331413
-0.016466497
-0.6856298
-0.049255565
-0.93606246
-0.21702117
-0.405706
-0.73872817
0.30461615
-0.5101288
0.3691013
-0.27547392
0.15927324
-0.056519687
-0.636105
0.025765255
-0.9601095
-0.23571797
-0.38289618
-0.6422125
0.26606837
-0.3617211
0.28094757
-0.33920616
0.052914232
-0.094649926
-0.57637036
0.046068843
-0.9488503
-0.35564637
-0.23662406
-0.46460444
0.10252381
-0.42821094
0.3148305
-0.11295605
-0.0069212615
-0.08914976
-0.47022226
0.02634336
-0.7382523
-0.44317976
-0.18780017
-0.19884141
0.24595875
-0.1880661
0.20530376
0.020555638
-0.03381575
0.107622355
-0.58634573
0.16556469
-0.29832232
-0.12040471
-0.14704709
-0.5443695
-0.16522558
-0.44883603
0.13243194
-0.021034598
0.030123487
0.087497495
-0.72639704
-0.0720648
-0.36554205
-0.35000318
-0.2791362
-0.5476557
-0.016728455
-0.48402536
0.26166493
-0.11012083
0.013001904
0.18228167
-0.77304125
-0.10444192
-0.7569358
-0.40272623
-0.47465855
-0.58905834
0.2782964
-0.558455
0.3251448
-0.15256214
0.029319972
0.14483985
-0.68580496
-0.06219593
-0.87696266
-0.4061906
-0.42451608
-0.64844924
0.29846874
-0.60276353
0.24270496
-0.24469116
0.09492937
0.10425371
-0.72705334
-0.012006596
-0.8062824
-0.4635288
-0.24545747
-0.79521173
0.31485313
-0.6756606
0.25170243
-0.30198884
0.11966142
0.06485755
-0.74453425
-0.012025282
-0.86634
-0.41678914
-0.26013818
-0.86516017
0.34500307
-0.68338454
0.24705884
-0.33647886
0.124566734
0.07225443
-0.7140293
0.0011362657
-0.8687212
-0.424205
-0.26298413
-0.8725115
0.33595896
-0.68611264
0.25298575
-0.34122097
0.1253466
0.074900575
-0.71662253
-0.003073603
-0.87113714
-0.43742257
-0.25882724
-0.8736059
0.34039405
-0.68611264
0.25298575
-0.34122097
0.1253466
0.074900575
-0.71662253
-0.003073603
-0.87113714
-0.43742257
-0.25882724
-0.8736059
0.34039405
-0.68611264
0.25298575
-0.34122097
0.1253466
0.074900575
-0.71662253
-0.003073603
-0.87113714
-0.43742257
-0.25882724
-0.8736059
0.34039405
-0.68611264
0.25298575
-0.34122097
0.1253466
0.074900575
-0.71662253
-0.003073603
-0.87113714
-0.43742257
-0.25882724
-0.8736059
0.34039405
-0.68611264
0.25298575
-0.34122097
0.1253466
0.074900575
-0.71662253
-0.003073603
-0.87113714
-0.43742257
-0.25882724
-0.8736059
0.34039405
-0.6867864
0.25257897
-0.34140387
0.12591693
0.07473372
-0.717144
-0.002923794
-0.8718162
-0.43663815
-0.25881612
-0.8732636
0.3401586
-0.6803391
0.25999206
-0.34128302
0.12827331
0.07014204
-0.7317929
-0.013459772
-0.8641118
-0.44607034
-0.26070604
-0.88228106
0.33516172
-0.66288245
0.27159238
-0.32778266
0.14121827
0.06434026
-0.7485547
-0.025312237
-0.8560555
-0.4815297
-0.24344708
-0.9170508
0.36460143
-0.69227993
0.2598868
-0.33737627
0.24065046
0.0064856857
-0.74545825
-0.037527524
-0.88520056
-0.36669827
-0.2670406
-0.89562345
0.2920119
-0.5536684
0.30780172
-0.47025537
0.20852837
-0.08354951
-0.6653886
0.016073957
-0.93787664
-0.36583233
-0.21510686
-0.76625466
0.28795025
-0.42526197
0.20504518
-0.5215843
0.20988101
-0.10700143
-0.62469065
0.118367
-0.97484124
-0.35816136
-0.08879671
-0.6262647
0.11023176
-0.41885108
0.28716734
-0.13616586
0.050955117
-0.013460718
-0.41888517
0.08032155
-0.7496779
-0.39576128
-0.103676915
-0.18216582
0.3226576
-0.19313915
0.22593793
0.08864035
0.056555822
0.10718277
-0.52845234
0.21406662
-0.3104473
-0.16702974
-0.13189799
-0.55314654
-0.1557018
-0.48503432
0.14799544
0.0354767
0.04708781
0.10488294
-0.7590377
-0.032475706
-0.29968145
-0.35753217
-0.24310084
-0.6333381
0.049140435
-0.5383685
0.35401934
-0.049375653
0.033587888
0.14407343
-0.78919435
-0.056617275
-0.78626484
-0.40692618
-0.50145364
-0.6753718
0.34926805
-0.56779593
0.36909622
-0.12608203
0.0026150048
0.13539448
-0.68273914
-0.053689696
-0.9383918
-0.47630677
-0.4540373
-0.7125364
0.32687938
-0.6262782
0.25913885
-0.19617528
0.10670799
0.10314771
-0.70596945
-0.021826677
-0.8530738
-0.51604414
-0.2583159
-0.8611695
0.3036575
-0.7023382
0.29470286
-0.27329245
0.11112273
0.0975011
-0.73365915
-0.0183675
-0.9135711
-0.4575621
-0.27127388
-0.9440303
0.3285009
-0.71399057
0.29961428
-0.3085401
0.106862515
0.1135367
-0.7189083
-0.01972048
-0.92765146
-0.46636415
-0.28547555
-0.9513928
0.34698454
-0.70599633
0.3101307
-0.30649406
0.104362935
0.11256451
-0.72450894
-0.01603664
-0.9251212
-0.4794337
-0.28438938
-0.94108033
0.3522649
-0.70599633
0.3101307
-0.30649406
0.104362935
0.11256451
-0.72450894
-0.01603664
-0.9251212
-0.4794337
-0.28438938
-0.94108033
0.3522649
-0.70599633
0.3101307
-0.30649406
0.104362935
0.11256451
-0.72450894
-0.01603664
-0.9251212
-0.4794337
-0.28438938
-0.94108033
0.3522649
-0.70599633
0.3101307
-0.30649406
0.104362935
0.11256451
-0.72450894
-0.01603664
-0.9251212
-0.4794337
-0.28438938
-0.94108033
0.3522649
-0.70599633
0.3101307
-0.30649406
0.104362935
0.11256451
-0.72450894
-0.01603664
-0.9251212
-0.4794337
-0.28438938
-0.94108033
0.3522649
-0.7052304
0.31029078
-0.3065096
0.105412066
0.1124428
-0.723996
-0.01561049
-0.9246359
-0.4783669
-0.28407493
-0.94021356
0.35158
-0.70119846
0.31323117
-0.30630273
0.09722495
0.10866209
-0.7322874
-0.031130284
-0.9160093
-0.49691764
-0.27829665
-0.9425374
0.3437413
-0.6878006
0.31584775
-0.285169
0.09925288
0.11639562
-0.7420106
-0.02997205
-0.9149877
-0.502576
-0.27437553
-0.95910263
0.36424014
-0.7589854
0.29895616
-0.32157376
0.21244341
0.06074746
-0.74816865
-0.033201423
-0.9808807
-0.36092514
-0.31145406
-0.9324547
0.29681095
-0.614941
0.3040539
-0.5192049
0.16531882
-0.028832287
-0.6585963
0.04653813
-1.0003138
-0.3094017
-0.24527983
-0.6936331
0.28242448
-0.4616037
0.22115822
-0.5783045
0.15741214
-0.035750657
-0.61642194
0.12991743
-0.96005094
-0.31352508
-0.109483816
-0.54379916
0.08200821
-0.46937037
0.3363648
-0.14743793
0.05606109
-0.011554152
-0.44378957
0.04726331
-0.7079831
-0.41271326
-0.033086784
-0.17139135
0.35835904
-0.2440051
0.19770345
0.08447167
0.030973338
0.109674156
-0.55887675
0.22610164
-0.28132132
-0.15378015
-0.1133697
-0.56450635
-0.15126963
-0.50010407
0.10465573
0.048281375
0.09228644
0.09007961
-0.78929746
-0.009324439
-0.30989382
-0.32001382
-0.2504765
-0.65810466
0.10183692
-0.5675326
0.32350197
-0.033470124
0.06696127
0.14510211
-0.80954814
-0.044016983
-0.7793603
-0.4042236
-0.5031353
-0.65718615
0.35175982
-0.5732889
0.33868343
-0.11462307
0.101186186
0.13089141
-0.714828
0.039649833
-0.870971
-0.5532353
-0.4705167
-0.7051617
0.36033353
-0.6519265
0.22105673
-0.18916976
0.1620988
0.10899591
-0.71669585
0.06799165
-0.8071176
-0.5665515
-0.2794647
-0.83639693
0.34599912
-0.75428784
0.24892733
-0.26081654
0.17116585
0.11177857
-0.75733316
0.03475699
-0.8732798
-0.5043368
-0.27154276
-0.9191031
0.35211924
-0.7585243
0.24515122
-0.28363198
0.16322058
0.124027744
-0.7459416
0.038592137
-0.9004722
-0.52654946
-0.28913
-0.9396366
0.35971493
-0.7499851
0.25977147
-0.28537372
0.16251943
0.12623069
-0.75137746
0.04223238
-0.89326876
-0.5377975
-0.28511554
-0.9276092
0.36084664
-0.7499851
0.25977147
-0.28537372
0.16251943
0.12623069
-0.75137746
0.04223238
-0.89326876
-0.5377975
-0.28511554
-0.9276092
0.36084664
-0.7499851
0.25977147
-0.28537372
0.16251943
0.12623069
-0.75137746
0.04223238
-0.89326876
-0.5377975
-0.28511554
-0.9276092
0.36084664
-0.7499851
0.25977147
-0.28537372
0.16251943
0.12623069
-0.75137746
0.04223238
-0.89326876
-0.5377975
-0.28511554
-0.9276092
0.36084664
-0.7499851
0.25977147
-0.28537372
0.16251943
0.12623069
-0.75137746
0.04223238
-0.89326876
-0.5377975
-0.28511554
-0.9276092
0.36084664
-0.74965256
0.259832
-0.28574777
0.16364595
0.1260859
-0.75159127
0.043065153
-0.8937118
-0.5371643
-0.28542447
-0.9267576
0.36040366
-0.75077486
0.26466048
-0.28098494
0.15836874
0.122297466
-0.756968
0.0300611
-0.8858549
-0.5484133
-0.28989008
-0.9257506
0.36445475
-0.7362149
0.25782987
-0.26396492
0.16865242
0.14978234
-0.7670618
0.043505922
-0.8802195
-0.55374277
-0.28348854
-0.94621265
0.3724286
-0.7490808
0.24853465
-0.32639778
0.25545728
0.073871806
-0.78366077
0.022253979
-0.94409966
-0.4278414
-0.3108453
-0.9146378
0.31780583
-0.64552677
0.2747485
-0.51449907
0.21373573
-0.05332358
-0.63455725
0.07775864
-0.9881043
-0.35790366
-0.2038573
-0.6905335
0.29762232
-0.45696622
0.15073305
-0.5854348
0.17998397
-0.010917783
-0.55996764
0.18816102
-0.9572113
-0.36583698
-0.13383812
-0.52520084
0.08552361
-0.470814
0.329929
-0.15483779
0.055595607
-0.022008013
-0.4191657
0.04312312
-0.6994473
-0.41976458
-0.0040777773
-0.13994949
0.35362452
-0.23196825
0.20620528
0.077068195
0.038889334
0.12181762
-0.54943866
0.20838249
-0.27827385
-0.17650025
-0.11820085
-0.5878844
-0.16901085
-0.5002111
0.107712954
0.06137917
0.09421776
0.07575662
-0.76400155
-0.0020097308
-0.2960053
-0.3281655
-0.24698953
-0.6676669
0.10929589
-0.57984847
0.35207486
-0.02236557
0.05979745
0.14894964
-0.7974302
-0.030534448
-0.7685457
-0.4435101
-0.4947634
-0.6545352
0.36682403
-0.5822324
0.36943275
-0.12775815
0.066374004
0.12748277
-0.71092457
0.04131662
-0.84305847
-0.5752339
-0.46307355
-0.7111414
0.35253745
-0.66293436
0.256487
-0.1810916
0.1482144
0.0971438
-0.7073325
0.079524115
-0.8019378
-0.6031246
-0.27760315
-0.8318306
0.31487992
-0.7769955
0.28339416
-0.26062304
0.17576957
0.10354741
-0.7271071
0.043491863
-0.87093097
-0.52994436
-0.27802208
-0.9234868
0.31089148
-0.77521455
0.28435624
-0.2905933
0.1658803
0.12111493
-0.7257416
0.046276815
-0.8905222
-0.5501176
-0.30115604
-0.9351557
0.32302988
-0.76953024
0.29366478
-0.2949124
0.16426474
0.12348378
-0.7315651
0.049659047
-0.8868753
-0.56211215
-0.29585555
-0.9237957
0.32359505
-0.76953024
0.29366478
-0.2949124
0.16426474
0.12348378
-0.7315651
0.049659047
-0.8868753
-0.56211215
-0.29585555
-0.9237957
0.32359505
-0.76953024
0.29366478
-0.2949124
0.16426474
0.12348378
-0.7315651
0.049659047
-0.8868753
-0.56211215
-0.29585555
-0.9237957
0.32359505
-0.76953024
0.29366478
-0.2949124
0.16426474
0.12348378
-0.7315651
0.049659047
-0.8868753
-0.56211215
-0.29585555
-0.9237957
0.32359505
-0.76953024
0.29366478
-0.2949124
0.16426474
0.12348378
-0.7315651
0.049659047
-0.8868753
-0.56211215
-0.29585555
-0.9237957
0.32359505
-0.7692293
0.2939086
-0.29545048
0.1648503
0.123453006
-0.7315855
0.050164454
-0.8872805
-0.5616378
-0.29596227
-0.92288554
0.32337394
-0.76992536
0.30692026
-0.29373777
0.16072083
0.12405416
-0.73804104
0.039075278
-0.8770598
-0.57525176
-0.2978172
-0.9221587
0.32912475
-0.7500244
0.30778134
-0.2651473
0.16045406
0.13776997
-0.75301933
0.046255462
-0.87577164
-0.5795585
-0.2932817
-0.94752544
0.3400659
-0.7631582
0.2976479
-0.32653165
0.25869423
0.055664122
-0.77183473
0.02450002
-0.94597876
-0.45966482
-0.32686877
-0.9057344
0.28656626
-0.6586946
0.32718733
-0.51343083
0.22496526
-0.09776144
-0.61901
0.07109749
-0.99084723
-0.37138617
-0.2120512
-0.69129
0.2686504
-0.46823803
0.1752528
-0.5928181
0.22066091
-0.0685417
-0.5617422
0.15703861
-0.9430826
-0.35201734
-0.121915296
-0.52756155
0.09703462
-0.4626315
0.3207288
-0.16131374
0.059209585
-0.05169685
-0.41282514
0.03766589
-0.7032256
-0.42537025
-0.008174494
-0.1452153
0.36737782
-0.23047075
0.2064532
0.0697842
0.032594636
0.11984308
-0.5468304
0.20345974
-0.28182906
-0.18186866
-0.11004486
-0.57482886
-0.16674098
-0.5003724
0.105382845
0.067989826
0.0872936
0.07270778
-0.7616408
0.00728485
-0.30504593
-0.33297366
-0.2502389
-0.67435133
0.10802952
-0.5797412
0.34486228
-0.026633173
0.059636146
0.13731503
-0.7977189
-0.029938476
-0.7767072
-0.44573703
-0.48642147
-0.6545218
0.35603333
-0.57849723
0.3636517
-0.12988096
0.07448438
0.12215523
-0.7151127
0.04422073
-0.8556397
-0.56604457
-0.45856866
-0.7090757
0.33253288
-0.65326726
0.25799683
-0.18843505
0.15687957
0.098409824
-0.7129846
0.09420449
-0.80221504
-0.5974495
-0.2705552
-0.83808297
0.30921298
-0.7719799
0.28066197
-0.2729332
0.17760009
0.104395926
-0.739025
0.058757916
-0.87764305
-0.5188332
-0.2702198
-0.9290618
0.3052793
-0.7694509
0.28096527
-0.29878184
0.16825372
0.1192851
-0.7346695
0.05933045
-0.89750725
-0.5422445
-0.2906275
-0.9400219
0.31778184
-0.764907
0.29049444
-0.3019883
0.16596293
0.119699545
-0.7401693
0.06147357
-0.89401305
-0.55521303
-0.28454217
-0.92929816
0.3179762
-0.764907
0.29049444
-0.3019883
0.16596293
0.119699545
-0.7401693
0.06147357
-0.89401305
-0.55521303
-0.28454217
-0.92929816
0.3179762
-0.764907
0.29049444
-0.3019883
0.16596293
0.119699545
-0.7401693
0.06147357
-0.89401305
-0.55521303
-0.28454217
-0.92929816
0.3179762
-0.764907
0.29049444
-0.3019883
0.16596293
0.119699545
-0.7401693
0.06147357
-0.89401305
-0.55521303
-0.28454217
-0.92929816
0.3179762
-0.764907
0.29049444
-0.3019883
0.16596293
0.119699545
-0.7401693
0.06147357
-0.89401305
-0.55521303
-0.28454217
-0.92929816
0.3179762
-0.76465017
0.29068127
-0.30217394
0.16671062
0.119499326
-0.7403699
0.061896972
-0.89451486
-0.5545739
-0.2844741
-0.92840195
0.31800768
-0.76113224
0.30276597
-0.29665294
0.16210687
0.11625834
-0.74867517
0.05027507
-0.88359356
-0.57039386
-0.28302276
-0.927425
0.3263196
-0.740326
0.3027522
-0.26657286
0.16510043
0.12987399
-0.7668773
0.06253136
-0.8869734
-0.5668154
-0.28187886
-0.95133954
0.34113765
-0.7602215
0.29681617
-0.3238311
0.26213604
0.04869245
-0.78952193
0.029001351
-0.9549412
-0.441257
-0.3206595
-0.91295326
0.27269468
-0.6459132
0.33956286
-0.5135356
0.22532776
-0.09855703
-0.62903017
0.068094805
-0.99430656
-0.37208936
-0.20946261
-0.6957005
0.25463817
-0.46661797
0.19048038
-0.5967485
0.22687301
-0.062211327
-0.56457794
0.15923145
-0.94951105
-0.3450597
-0.12348533
-0.5370935
0.08854199
-0.4648991
0.32574663
-0.16058984
0.061112344
-0.05595909
-0.41848174
0.037372313
-0.7021798
-0.42649156
-0.0033347458
-0.14981475
0.35868534
-0.23047075
0.2064532
0.0697842
0.032594636
0.11984308
-0.5468304
0.20345974
-0.28182906
-0.18186866
-0.11004486
-0.57482886
-0.16674098
-0.5003724
0.105382845
0.067989826
0.0872936
0.07270778
-0.7616408
0.00728485
-0.30504593
-0.33297366
-0.2502389
-0.67435133
0.10802952
-0.5797412
0.34486228
-0.026633173
0.059636146
0.13731503
-0.7977189
-0.029938476
-0.7767072
-0.44573703
-0.48642147
-0.6545218
0.35603333
-0.57849723
0.3636517
-0.12988096
0.07448438
0.12215523
-0.7151127
0.04422073
-0.8556397
-0.56604457
-0.45856866
-0.7090757
0.33253288
-0.65326726
0.25799683
-0.18843505
0.15687957
0.098409824
-0.7129846
0.09420449
-0.80221504
-0.5974495
-0.2705552
-0.83808297
0.30921298
-0.7719799
0.28066197
-0.2729332
0.17760009
0.104395926
-0.739025
0.058757916
-0.87764305
-0.5188332
-0.2702198
-0.9290618
0.3052793
-0.7694509
0.28096527
-0.29878184
0.16825372
0.1192851
-0.7346695
0.05933045
-0.89750725
-0.5422445
-0.2906275
-0.9400219
0.31778184
-0.764907
0.29049444
-0.3019883
0.16596293
0.119699545
-0.7401693
0.06147357
-0.89401305
-0.55521303
-0.28454217
-0.92929816
0.3179762
-0.764907
0.29049444
-0.3019883
0.16596293
0.119699545
-0.7401693
0.06147357
-0.89401305
-0.55521303
-0.28454217
-0.92929816
0.3179762
-0.764907
0.29049444
-0.3019883
0.16596293
0.119699545
-0.7401693
0.06147357
-0.89401305
-0.55521303
-0.28454217
-0.92929816
0.3179762
-0.764907
0.29049444
-0.3019883
0.16596293
0.119699545
-0.7401693
0.06147357
-0.89401305
-0.55521303
-0.28454217
-0.92929816
0.3179762
-0.764907
0.29049444
-0.3019883
0.16596293
0.119699545
-0.7401693
0.06147357
-0.89401305
-0.55521303
-0.28454217
-0.92929816
0.3179762
-0.76465017
0.29068127
-0.30217394
0.16671062
0.119499326
-0.7403699
0.061896972
-0.89451486
-0.5545739
-0.2844741
-0.92840195
0.31800768
-0.76113224
0.30276597
-0.29665294
0.16210687
0.11625834
-0.74867517
0.05027507
-0.88359356
-0.57039386
-0.28302276
-0.927425
0.3263196
-0.740326
0.3027522
-0.26657286
0.16510043
0.12987399
-0.7668773
0.06253136
-0.8869734
-0.5668154
-0.28187886
-0.95133954
0.34113765
-0.7602215
0.29681617
-0.3238311
0.26213604
0.04869245
-0.78952193
0.029001351
-0.9549412
-0.441257
-0.3206595
-0.91295326
0.27269468
-0.6459132
0.33956286
-0.5135356
0.22532776
-0.09855703
-0.62903017
0.068094805
-0.99430656
-0.37208936
-0.20946261
-0.6957005
0.25463817
-0.46661797
0.19048038
-0.5967485
0.22687301
-0.062211327
-0.56457794
0.15923145
-0.94951105
-0.3450597
-0.12348533
-0.5370935
0.08854199
-0.4648991
0.32574663
-0.16058984
0.061112344
-0.05595909
-0.41848174
0.037372313
-0.7021798
-0.42649156
-0.0033347458
-0.14981475
0.35868534
-0.23047075
0.2064532
0.0697842
0.032594636
0.11984308
-0.5468304
0.20345974
-0.28182906
-0.18186866
-0.11004486
-0.57482886
-0.16674098
-0.5003724
0.105382845
0.067989826
0.0872936
0.07270778
-0.7616408
0.00728485
-0.30504593
-0.33297366
-0.2502389
-0.67435133
0.10802952
-0.5797412
0.34486228
-0.026633173
0.059636146
0.13731503
-0.7977189
-0.029938476
-0.7767072
-0.44573703
-0.48642147
-0.6545218
0.35603333
-0.57849723
0.3636517
-0.12988096
0.07448438
0.12215523
-0.7151127
0.04422073
-0.8556397
-0.56604457
-0.45856866
-0.7090757
0.33253288
-0.65326726
0.25799683
-0.18843505
0.15687957
0.098409824
-0.7129846
0.09420449
-0.80221504
-0.5974495
-0.2705552
-0.83808297
0.30921298
-0.7719799
0.28066197
-0.2729332
0.17760009
0.104395926
-0.739025
0.058757916
-0.87764305
-0.5188332
-0.2702198
-0.9290618
0.3052793
-0.7694509
0.28096527
-0.29878184
0.16825372
0.1192851
-0.7346695
0.05933045
-0.89750725
-0.5422445
-0.2906275
-0.9400219
0.31778184
-0.764907
0.29049444
-0.3019883
0.16596293
0.119699545
-0.7401693
0.06147357
-0.89401305
-0.55521303
-0.28454217
-0.92929816
0.3179762
-0.764907
0.29049444
-0.3019883
0.16596293
0.119699545
-0.7401693
0.06147357
-0.89401305
-0.55521303
-0.28454217
-0.92929816
0.3179762
-0.764907
0.29049444
-0.3019883
0.16596293
0.119699545
-0.7401693
0.06147357
-0.89401305
-0.55521303
-0.28454217
-0.92929816
0.3179762
-0.764907
0.29049444
-0.3019883
0.16596293
0.119699545
-0.7401693
0.06147357
-0.89401305
-0.55521303
-0.28454217
-0.92929816
0.3179762
-0.764907
0.29049444
-0.3019883
0.16596293
0.119699545
-0.7401693
0.06147357
-0.89401305
-0.55521303
-0.28454217
-0.92929816
0.3179762
-0.76465017
0.29068127
-0.30217394
0.16671062
0.119499326
-0.7403699
0.061896972
-0.89451486
-0.5545739
-0.2844741
-0.92840195
0.31800768
-0.76113224
0.30276597
-0.29665294
0.16210687
0.11625834
-0.74867517
0.05027507
-0.88359356
-0.57039386
-0.28302276
-0.927425
0.3263196
-0.740326
0.3027522
-0.26657286
0.16510043
0.12987399
-0.7668773
0.06253136
-0.8869734
-0.5668154
-0.28187886
-0.95133954
0.34113765
-0.7602215
0.29681617
-0.3238311
0.26213604
0.04869245
-0.78952193
0.029001351
-0.9549412
-0.441257
-0.3206595
-0.91295326
0.27269468
-0.6459132
0.33956286
-0.5135356
0.22532776
-0.09855703
-0.62903017
0.068094805
-0.99430656
-0.37208936
-0.20946261
-0.6957005
0.25463817
-0.46661797
0.19048038
-0.5967485
0.22687301
-0.062211327
-0.56457794
0.15923145
-0.94951105
-0.3450597
-0.12348533
-0.5370935
0.08854199
-0.4648991
0.32574663
-0.16058984
0.061112344
-0.05595909
-0.41848174
0.037372313
-0.7021798
-0.42649156
-0.0033347458
-0.14981475
0.35868534
-0.23047075
0.2064532
0.0697842
0.032594636
0.11984308
-0.5468304
0.20345974
-0.28182906
-0.18186866
-0.11004486
-0.57482886
-0.16674098
-0.5003724
0.105382845
0.067989826
0.0872936
0.07270778
-0.7616408
0.00728485
-0.30504593
-0.33297366
-0.2502389
-0.67435133
0.10802952
-0.5797412
0.34486228
-0.026633173
0.059636146
0.13731503
-0.7977189
-0.029938476
-0.7767072
-0.44573703
-0.48642147
-0.6545218
0.35603333
-0.57849723
0.3636517
-0.12988096
0.07448438
0.12215523
-0.7151127
0.04422073
-0.8556397
-0.56604457
-0.45856866
-0.7090757
0.33253288
-0.65326726
0.25799683
-0.18843505
0.15687957
0.098409824
-0.7129846
0.09420449
-0.80221504
-0.5974495
-0.2705552
-0.83808297
0.30921298
-0.7719799
0.28066197
-0.2729332
0.17760009
0.104395926
-0.739025
0.058757916
-0.87764305
-0.5188332
-0.2702198
-0.9290618
0.3052793
-0.7694509
0.28096527
-0.29878184
0.16825372
0.1192851
-0.7346695
0.05933045
-0.89750725
-0.5422445
-0.2906275
-0.9400219
0.31778184
-0.764907
0.29049444
-0.3019883
0.16596293
0.119699545
-0.7401693
0.06147357
-0.89401305
-0.55521303
-0.28454217
-0.92929816
0.3179762
-0.7649069
0.29049456
-0.30198815
0.165963
0.11969955
-0.7401694
0.061473627
-0.89401317
-0.55521286
-0.2845423
-0.92929804
0.3179763
-0.76490694
0.2904946
-0.30198827
0.16596302
0.11969958
-0.7401693
0.061473437
-0.8940133
-0.55521303
-0.28454217
-0.92929804
0.3179763
-0.764907
0.2904945
-0.3019883
0.16596287
0.11969934
-0.74016947
0.061473504
-0.89401317
-0.5552131
-0.28454217
-0.929298
0.31797636
-0.76490664
0.29049453
-0.30198842
0.16596296
0.11969955
-0.7401693
0.061473556
-0.8940133
-0.5552129
-0.28454217
-0.92929804
0.3179763
-0.76465017
0.29068136
-0.30217385
0.16671076
0.1194994
-0.7403698
0.06189694
-0.8945151
-0.55457413
-0.2844743
-0.9284018
0.31800744
-0.7611321
0.30276597
-0.29665285
0.16210681
0.11625836
-0.74867517
0.050275117
-0.8835935
-0.5703938
-0.2830226
-0.927425
0.32631952
-0.74032617
0.30275232
-0.26657298
0.16510034
0.12987384
-0.7668775
0.06253133
-0.8869735
-0.5668155
-0.28187883
-0.95133936
0.34113774
-0.76022154
0.2968163
-0.32383132
0.2621359
0.048692435
-0.7895218
0.029001232
-0.9549414
-0.44125688
-0.3206594
-0.912953
0.2726947
-0.6459131
0.3395628
-0.5135356
0.22532786
-0.098557115
-0.6290302
0.06809473
-0.9943067
-0.37208945
-0.20946261
-0.6957005
0.25463802
-0.46661788
0.19048035
-0.5967485
0.22687306
-0.062211446
-0.564578
0.15923174
-0.94951105
-0.34505957
-0.12348551
-0.5370935
0.0885421
-0.46489912
0.32574666
-0.16058984
0.061112285
-0.055959124
-0.41848177
0.03737238
-0.70217973
-0.42649153
-0.0033348948
-0.14981478
0.35868537
-0.23047075
0.2064532
0.0697842
0.032594636
0.11984308
-0.5468304
0.20345974
-0.28182906
-0.18186866
-0.11004486
-0.57482886
-0.16674098
-0.5003724
0.105382845
0.067989826
0.0872936
0.07270778
-0.7616408
0.00728485
-0.30504593
-0.33297366
-0.2502389
-0.67435133
0.10802952
-0.5797412
0.34486228
-0.026633173
0.059636146
0.13731503
-0.7977189
-0.029938476
-0.7767072
-0.44573703
-0.48642147
-0.6545218
0.35603333
-0.57849723
0.3636517
-0.12988096
0.07448438
0.12215523
-0.7151127
0.04422073
-0.8556397
-0.56604457
-0.45856866
-0.7090757
0.33253288
-0.65326726
0.25799683
-0.18843505
0.15687957
0.098409824
-0.7129846
0.09420449
-0.80221504
-0.5974495
-0.2705552
-0.83808297
0.30921298
-0.7719799
0.28066197
-0.2729332
0.17760009
0.104395926
-0.739025
0.058757916
-0.87764305
-0.5188332
-0.2702198
-0.9290618
0.3052793
-0.7694509
0.28096527
-0.29878184
0.16825372
0.1192851
-0.7346695
0.05933045
-0.89750725
-0.5422445
-0.2906275
-0.9400219
0.31778184
-0.764907
0.29049444
-0.3019883
0.16596293
0.119699545
-0.7401693
0.06147357
-0.89401305
-0.55521303
-0.28454217
-0.92929816
0.3179762
-0.7649069
0.29049465
-0.30198807
0.16596305
0.119699486
-0.7401694
0.061473478
-0.89401317
-0.555213
-0.28454217
-0.92929816
0.3179762
-0.7649069
0.29049447
-0.30198807
0.16596311
0.119699426
-0.7401693
0.061473504
-0.89401317
-0.55521286
-0.28454214
-0.9292983
0.31797653
-0.76490676
0.2904947
-0.3019881
0.16596317
0.11969953
-0.7401692
0.06147358
-0.89401317
-0.555213
-0.28454214
-0.92929804
0.31797642
-0.7649066
0.2904946
-0.30198792
0.16596311
0.119699605
-0.7401693
0.061473627
-0.89401317
-0.55521303
-0.28454238
-0.92929816
0.3179766
-0.7646501
0.29068142
-0.30217388
0.16671085
0.119499244
-0.74037015
0.06189695
-0.89451504
-0.5545744
-0.28447437
-0.9284018
0.31800765
-0.7611321
0.30276585
-0.29665282
0.16210693
0.11625826
-0.7486752
0.05027518
-0.88359326
-0.5703939
-0.2830227
-0.927425
0.32631958
-0.7403261
0.3027523
-0.2665728
0.16510049
0.12987375
-0.76687753
0.06253143
-0.8869734
-0.56681544
-0.28187886
-0.9513396
0.34113762
-0.7602213
0.2968161
-0.32383123
0.26213616
0.048692435
-0.7895218
0.029001262
-0.9549413
-0.4412571
-0.3206593
-0.9129533
0.27269474
-0.645913
0.33956298
-0.51353556
0.22532783
-0.09855682
-0.6290302
0.06809452
-0.9943065
-0.3720895
-0.20946266
-0.6957006
0.25463784
-0.46661818
0.19048025
-0.5967489
0.22687307
-0.062211283
-0.56457806
0.1592315
-0.9495112
-0.34505972
-0.123485364
-0.5370936
0.088542
-0.46489912
0.32574666
-0.16058978
0.061112434
-0.055959135
-0.41848195
0.0373725
-0.70217985
-0.42649147
-0.0033347607
-0.14981486
0.35868526
-0.23018014
0.20630674
0.06941039
0.032346025
0.11999823
-0.54670435
0.20338926
-0.28144097
-0.18182082
-0.10998292
-0.5743643
-0.16705364
-0.49992654
0.10545102
0.06737309
0.08797589
0.07232413
-0.7619593
0.0076498594
-0.30526593
-0.33321515
-0.24997534
-0.67436326
0.10738534
-0.5797423
0.34539482
-0.026657417
0.060233697
0.13754179
-0.79742897
-0.029937418
-0.7770542
-0.44603768
-0.4862504
-0.65400875
0.35547578
-0.5779829
0.36359632
-0.1302033
0.07470785
0.12255031
-0.7146557
0.04430566
-0.8558873
-0.56570196
-0.45833522
-0.70864934
0.33213478
-0.65291727
0.25748816
-0.18900594
0.15659341
0.09856803
-0.71296597
0.09426321
-0.80210096
-0.5974052
-0.27072713
-0.83752376
0.309124
-0.7715881
0.2799961
-0.2735417
0.17734426
0.10440804
-0.73940027
0.058845878
-0.87731415
-0.51906466
-0.270373
-0.928645
0.30577898
-0.76928073
0.2800818
-0.29944965
0.16806957
0.119036056
-0.73493946
0.05941811
-0.8970503
-0.5427449
-0.29075083
-0.93937564
0.3181115
-0.7648277
0.2894026
-0.30258077
0.16597638
0.11950314
-0.74034786
0.061440464
-0.89367366
-0.55559725
-0.28457677
-0.92882
0.3182215
-0.76482797
0.28940257
-0.30258068
0.16597638
0.119503185
-0.7403477
0.0614405
-0.89367366
-0.5555972
-0.28457674
-0.92882013
0.31822157
-0.76482785
0.28940257
-0.3025807
0.16597635
0.11950288
-0.7403476
0.0614404
-0.8936739
-0.5555973
-0.2845769
-0.9288199
0.31822172
-0.76482785
0.28940263
-0.3025807
0.16597646
0.11950293
-0.7403476
0.06144057
-0.893674
-0.55559725
-0.28457692
-0.92882
0.3182215
-0.7648278
0.28940278
-0.30258077
0.16597638
0.11950293
-0.7403477
0.061440542
-0.89367384
-0.5555972
-0.2845768
-0.92882013
0.31822187
-0.76460636
0.28957498
-0.30280927
0.16670233
0.11928928
-0.7405589
0.061816067
-0.89419496
-0.5549937
-0.28450176
-0.92794704
0.31830338
-0.7609893
0.30185947
-0.29729238
0.16196689
0.11625381
-0.748829
0.05027049
-0.8832862
-0.5707909
-0.28331393
-0.9270904
0.3265596
-0.7400744
0.30187935
-0.26701766
0.16487858
0.12989026
-0.76721007
0.06254364
-0.88683975
-0.5670424
-0.2821465
-0.9508481
0.34148797
-0.7596163
0.295609
-0.32410756
0.2622987
0.04898143
-0.7896215
0.029038776
-0.95479584
-0.44145006
-0.32106727
-0.91275823
0.27297345
-0.64624697
0.33933756
-0.5140643
0.22574148
-0.09820914
-0.6295919
0.06750585
-0.9943089
-0.37207973
-0.20967656
-0.6958271
0.25489032
-0.4668343
0.1898258
-0.5971992
0.22687174
-0.06212776
-0.56472516
0.15956622
-0.9496019
-0.34538043
-0.12335331
-0.5368298
0.08880967
-0.4647379
0.32562762
-0.16068321
0.060884684
-0.056007028
-0.41827327
0.037432037
-0.70251215
-0.42672879
-0.003657207
-0.14955498
0.35864335
-0.22677086
0.20056653
0.07312677
0.02881737
0.120811775
-0.54426336
0.19748858
-0.286049
-0.1776776
-0.11099618
-0.56790364
-0.1716557
-0.49244213
0.10750979
0.07146198
0.088948615
0.074418694
-0.7644318
0.0026984066
-0.29889375
-0.33040106
-0.24376765
-0.67668176
0.10426733
-0.5751994
0.34914654
-0.03201185
0.063278764
0.14058535
-0.79037446
-0.03341699
-0.7741458
-0.45533472
-0.48102772
-0.6490235
0.35144868
-0.566377
0.36887616
-0.12413147
0.065789
0.12238765
-0.7080119
0.03825685
-0.84498084
-0.5831541
-0.45227903
-0.69557655
0.34581587
-0.64940023
0.2617193
-0.17416155
0.16030109
0.113066755
-0.70670366
0.07579629
-0.7891343
-0.60772234
-0.26426926
-0.8448514
0.32002786
-0.7650748
0.28572592
-0.2630669
0.17464158
0.11540327
-0.734118
0.04277725
-0.86633855
-0.53335357
-0.26397425
-0.9292325
0.3161085
-0.7655139
0.2851809
-0.2890852
0.16983387
0.12768266
-0.73249453
0.04139614
-0.8841647
-0.5540364
-0.28121024
-0.9435354
0.32653928
-0.76124156
0.295225
-0.29098856
0.1663875
0.12876546
-0.738046
0.044825688
-0.8824623
-0.56731117
-0.27548024
-0.93148905
0.3268069
-0.7612416
0.29522502
-0.29098836
0.16638753
0.12876534
-0.73804605
0.044825688
-0.8824625
-0.567311
-0.2754803
-0.931489
0.32680663
-0.7612417
0.29522493
-0.29098827
0.16638756
0.12876526
-0.73804617
0.044825867
-0.88246244
-0.56731117
-0.27548012
-0.93148893
0.32680666
-0.7612417
0.29522508
-0.29098845
0.1663875
0.12876537
-0.73804575
0.04482585
-0.88246256
-0.56731105
-0.2754802
-0.93148875
0.32680666
-0.7612418
0.295225
-0.2909883
0.16638753
0.1287653
-0.73804605
0.044825815
-0.88246274
-0.5673109
-0.27548018
-0.93148893
0.32680666
-0.76053023
0.29508778
-0.29130524
0.16703969
0.12855873
-0.73817444
0.04548829
-0.88287467
-0.5666889
-0.27566925
-0.9304932
0.32666713
-0.7569947
0.3053046
-0.28636047
0.16313234
0.12324022
-0.74520254
0.035286285
-0.8732135
-0.5810344
-0.27463567
-0.92747605
0.33493644
-0.73267937
0.30558556
-0.2567295
0.17121631
0.13803372
-0.76396567
0.04845818
-0.8699812
-0.5755223
-0.27419123
-0.9561875
0.3414113
-0.7600458
0.30465132
-0.31340516
0.26127076
0.048325256
-0.78457606
0.02119679
-0.94965667
-0.44749936
-0.31518236
-0.9050403
0.2820138
-0.65108514
0.35166383
-0.5098584
0.22794586
-0.09704678
-0.62391865
0.052140325
-0.9909413
-0.37370494
-0.2001867
-0.7022109
0.25218368
-0.46257222
0.19391784
-0.60007924
0.22222392
-0.062512025
-0.56986916
0.15036733
-0.9424697
-0.35033748
-0.12168434
-0.53604466
0.09373757
-0.4620809
0.3268563
-0.16397372
0.0622786
-0.06118837
-0.41770303
0.036980875
-0.70116
-0.43243393
-0.0027624667
-0.1535767
0.35480678
-0.22204265
0.20019144
0.0754109
0.024945661
0.1342669
-0.548762
0.19613022
-0.28489453
-0.1795832
-0.10819708
-0.57025707
-0.16213138
-0.49337518
0.10842523
0.04640372
0.11243397
0.07744009
-0.73135346
0.019078285
-0.3073242
-0.33891308
-0.22838709
-0.6785311
0.105572075
-0.6020408
0.35928372
-0.0606478
0.064627424
0.13101916
-0.7993738
-0.038335882
-0.8323559
-0.46219411
-0.49032265
-0.62871385
0.34155542
-0.5879173
0.3727465
-0.12638733
0.103437185
0.13267916
-0.71677244
0.051474582
-0.87218064
-0.58777124
-0.4648828
-0.71342725
0.34055373
-0.6381741
0.27891177
-0.20425051
0.16393244
0.07748036
-0.71491265
0.09520625
-0.8215237
-0.61906993
-0.29045555
-0.82021403
0.35377145
-0.7550334
0.30247992
-0.29591352
0.18741328
0.0705086
-0.7410927
0.05702236
-0.88242
-0.53587687
-0.27405128
-0.9205202
0.34098208
-0.74849355
0.29875344
-0.31881025
0.1690596
0.09147955
-0.73508674
0.057303704
-0.90582377
-0.56126773
-0.29971838
-0.93144834
0.35315377
-0.74534845
0.3090327
-0.3237748
0.1664789
0.09164588
-0.7423636
0.05969074
-0.9019421
-0.57328784
-0.2904237
-0.92227983
0.35389277
-0.74534845
0.3090327
-0.3237747
0.16647893
0.091645904
-0.7423635
0.05969051
-0.9019423
-0.5732882
-0.29042363
-0.9222797
0.35389286
-0.74534833
0.30903277
-0.3237751
0.16647878
0.0916461
-0.7423637
0.05969069
-0.9019421
-0.57328796
-0.29042354
-0.9222796
0.3538929
-0.74534833
0.30903253
-0.32377484
0.16647887
0.091646016
-0.7423635
0.059690468
-0.9019421
-0.5732879
-0.29042366
-0.92227936
0.3538928
-0.7453486
0.3090328
-0.32377458
0.16647887
0.09164591
-0.7423639
0.059690624
-0.9019422
-0.5732879
-0.29042375
-0.9222795
0.35389316
-0.74462837
0.30931345
-0.32420626
0.16697675
0.09142433
-0.7426939
0.060150314
-0.9021416
-0.57238364
-0.2901304
-0.92162853
0.3541093
-0.7392132
0.3240115
-0.31949225
0.16540775
0.08385489
-0.75245875
0.048910335
-0.891901
-0.58366895
-0.29298
-0.9196449
0.35709974
-0.718622
0.31971645
-0.29022127
0.17624855
0.09535282
-0.7737172
0.06870342
-0.8946789
-0.5890014
-0.28904217
-0.9469731
0.35501432
-0.74692667
0.30561525
-0.33148366
0.2848058
0.012099341
-0.79797935
0.03591566
-0.9632009
-0.4433651
-0.31566152
-0.9015707
0.30069768
-0.6477303
0.34692737
-0.5334308
0.25932938
-0.14555956
-0.6268804
0.08289038
-1.0292157
-0.37409043
-0.21668744
-0.71059096
0.27547964
-0.4504935
0.20008984
-0.55986536
0.23649643
-0.08861831
-0.58186126
0.15351695
-0.93084323
-0.36107025
-0.095074676
-0.54677564
0.11905463
-0.4646632
0.3257302
-0.15238991
0.09010279
-0.08770134
-0.41744626
0.04759489
-0.7098063
-0.44183838
0.0040585324
-0.18795486
0.3589305
-0.21988715
0.17781135
0.08298953
0.018732741
0.12355773
-0.52646405
0.21905157
-0.29014522
-0.12595743
-0.12706436
-0.5775711
-0.14916976
-0.47194389
0.09342004
0.06842063
0.109148905
0.0425328
-0.7247493
0.025046967
-0.30296808
-0.3582459
-0.22488412
-0.70423317
0.086122856
-0.5533272
0.36914465
-0.053850845
0.058322042
0.12137354
-0.7923636
-0.026426898
-0.7843212
-0.49277726
-0.4832005
-0.6499082
0.25467145
-0.5478177
0.43376482
-0.08102065
0.07798885
0.14009638
-0.66374207
0.05774442
-0.81001717
-0.6152184
-0.48817953
-0.68833584
0.3756704
-0.6247863
0.36953786
-0.11120987
0.20076796
0.108765766
-0.6737702
0.048633724
-0.7685902
-0.6720207
-0.31327304
-0.8392883
0.37760928
-0.7236281
0.37744102
-0.1791308
0.22159499
0.107763536
-0.6892531
0.014139015
-0.8334743
-0.61549747
-0.31134287
-0.9167861
0.37496156
-0.7353508
0.39606884
-0.2119439
0.21060935
0.11768803
-0.6843589
0.021076854
-0.8715683
-0.6544402
-0.32708505
-0.9148634
0.38147703
-0.7349595
0.40686533
-0.22078729
0.2102113
0.121102214
-0.68368566
0.023536464
-0.86212415
-0.6633104
-0.32026124
-0.90590906
0.38373086
-0.7349595
0.4068652
-0.22078747
0.21021143
0.12110224
-0.6836855
0.023536585
-0.86212415
-0.66331065
-0.32026118
-0.9059089
0.38373077
-0.7349596
0.40686503
-0.22078723
0.21021134
0.1211021
-0.6836856
0.023536425
-0.86212397
-0.66331047
-0.32026118
-0.905909
0.38373065
-0.7349596
0.40686515
-0.22078753
0.21021116
0.12110214
-0.6836854
0.023536514
-0.86212426
-0.6633101
-0.3202614
-0.9059088
0.38373086
-0.7349597
0.40686506
-0.2207874
0.21021128
0.121101975
-0.6836857
0.023536488
-0.86212444
-0.6633101
-0.32026118
-0.9059092
0.383731
-0.73411787
0.40680757
-0.22100225
0.2102353
0.1205936
-0.68376213
0.023412418
-0.862113
-0.6625903
-0.32051829
-0.9050337
0.38440484
-0.7363122
0.42222276
-0.22306335
0.2059229
0.11612528
-0.69303554
0.0117679555
-0.86215204
-0.671394
-0.32082114
-0.8981377
0.38905963
-0.70446277
0.42764556
-0.19742757
0.20096886
0.14231569
-0.7017927
0.033001956
-0.84957576
-0.6843475
-0.3292105
-0.91414094
0.394156
-0.74619913
0.4318172
-0.27366486
0.31741136
0.025494069
-0.73002076
0.024310464
-0.9211348
-0.5666201
-0.31990528
-0.8659596
0.3598957
-0.6579319
0.4202612
-0.43466553
0.29764652
-0.14559928
-0.5921528
0.025001906
-0.95924747
-0.4801718
-0.22256717
-0.70392233
0.35559946
-0.4217326
0.2705668
-0.4933386
0.23980263
-0.08225961
-0.5314094
0.0963351
-0.9028604
-0.41901398
-0.12635306
-0.5355176
0.18200943
-0.42044756
0.35944206
-0.114999294
0.10025263
-0.035568964
-0.39912716
0.03256382
-0.62146235
-0.47040337
-0.024288937
-0.11319802
0.35250056
-0.2406972
0.14234422
0.080024466
0.070455156
0.105130665
-0.40923357
0.21011567
-0.22080791
-0.101468354
-0.09135209
-0.5666537
-0.09729305
-0.5078205
0.02798976
0.14313869
0.1764696
0.036161438
-0.55326873
0.022386726
-0.26879296
-0.28626624
-0.20847183
-0.65068495
0.24041486
-0.65427554
0.2547608
-0.01894541
0.118998215
0.10785216
-0.71870834
-0.04650721
-0.6386014
-0.5048959
-0.4793471
-0.6572916
0.50375557
-0.7107932
0.32950085
0.061013117
0.2658112
0.18065064
-0.70607984
0.041199286
-0.66802776
-0.70975065
-0.57954764
-0.76139426
0.60013366
-0.72425663
0.25659275
-0.0004736185
0.32091933
0.22110185
-0.68887126
0.07657254
-0.61527807
-0.81989646
-0.44651133
-0.8872121
0.56856865
-0.7566637
0.31705585
-0.06594652
0.33470178
0.23546104
-0.7074368
0.013518714
-0.68447524
-0.78035724
-0.44750607
-0.9393074
0.54235184
-0.7663145
0.3439569
-0.088900775
0.31866667
0.21597587
-0.6872798
0.004960115
-0.7050819
-0.8128221
-0.4670382
-0.93521875
0.5467848
-0.7654017
0.3525775
-0.093218595
0.3323155
0.22060204
-0.682093
0.009471532
-0.7058464
-0.82646847
-0.4679098
-0.9267266
0.55137295
-0.7654017
0.35257742
-0.0932188
0.33231544
0.22060204
-0.6820929
0.009471626
-0.70584655
-0.8264685
-0.46791005
-0.9267267
0.5513729
-0.7654017
0.35257754
-0.09321877
0.3323154
0.22060204
-0.6820929
0.009471444
-0.70584667
-0.8264689
-0.46791
-0.9267267
0.55137295
-0.7654021
0.35257727
-0.09321883
0.33231544
0.22060205
-0.68209255
0.009471531
-0.70584655
-0.82646835
-0.46790975
-0.9267266
0.55137277
-0.7654016
0.35257745
-0.093218714
0.3323154
0.22060198
-0.68209267
0.009471502
-0.7058467
-0.82646847
-0.46790993
-0.9267267
0.55137277
-0.7643473
0.35338
-0.093871415
0.3325131
0.22078113
-0.68171054
0.009620168
-0.70619315
-0.82612485
-0.46807146
-0.925139
0.5514338
-0.76306295
0.3659946
-0.100260645
0.32679635
0.22154419
-0.6869184
-0.003439785
-0.70598024
-0.8276725
-0.47160113
-0.9304097
0.5450903
-0.7506945
0.3784841
-0.12909779
0.30854976
0.2414166
-0.6990495
-0.013767542
-0.70811355
-0.83614933
-0.45984393
-0.92721105
0.5507123
-0.70679694
0.35790774
-0.12954167
0.41583556
0.15393111
-0.71815324
-0.028763423
-0.71533555
-0.7585556
-0.4508752
-0.8946238
0.5078897
-0.67959034
0.3416813
-0.18451175
0.43504682
-0.074646845
-0.5246476
0.050239295
-0.7787739
-0.5928066
-0.29902646
-0.7323499
0.46750468
-0.56530577
0.26798993
-0.3225878
0.25727987
-0.16650902
-0.56022716
0.21516562
-0.77908814
-0.5355482
-0.17070165
-0.5810541
0.41438645
-0.44047412
0.38317823
-0.084126055
0.085241824
0.01686721
-0.4229252
0.07823108
-0.6094944
-0.53199565
-0.045942582
-0.115360186
0.34221444
-0.21529362
0.16651885
0.08816011
-0.012216128
0.11190763
-0.28041556
0.15823844
-0.17047355
-0.09837734
-0.037714858
-0.3661293
0.042147398
-0.4002689
0.18406688
0.20010868
0.11123717
0.20830935
-0.50261605
0.0052510463
-0.19245046
-0.22232018
-0.1251648
-0.4421284
0.18916412
-0.5248118
0.14895362
0.23270172
0.068377644
0.14354734
-0.5906793
0.060474433
-0.32235757
-0.3840124
-0.37170494
-0.3687213
0.35289568
-0.53640914
0.16665903
0.13055666
0.14557417
0.3130656
-0.5428881
0.07012447
-0.38209072
-0.45519266
-0.462991
-0.47703972
0.45410287
-0.5681757
0.15592565
0.0011144578
0.2110504
0.32134297
-0.5111842
0.036739655
-0.3644079
-0.508239
-0.42613316
-0.6047828
0.4340081
-0.6487889
0.20651367
-0.023605555
0.19465563
0.36158958
-0.48600972
0.040480245
-0.40905675
-0.4813622
-0.46035433
-0.66258407
0.42768902
-0.66791654
0.1947938
-0.029070497
0.19252071
0.35575292
-0.47514343
0.056851685
-0.43970677
-0.5011694
-0.4617179
-0.6644834
0.45528895
-0.6610216
0.19207902
-0.024116099
0.18685657
0.3538943
-0.47926453
0.061002567
-0.4382397
-0.5118076
-0.45005888
-0.64900804
0.46033278
-0.6610216
0.19207902
-0.02411598
0.1868566
0.3538943
-0.47926438
0.061002627
-0.43823963
-0.5118076
-0.450059
-0.64900804
0.46033278
-0.6610215
0.19207896
-0.024115682
0.18685669
0.35389426
-0.47926468
0.061002515
-0.43823978
-0.5118077
-0.45005885
-0.64900786
0.46033287
-0.6610218
0.19207875
-0.02411607
0.18685657
0.35389435
-0.4792645
0.061002657
-0.43823984
-0.51180756
-0.45005882
-0.649008
0.46033278
-0.6610215
0.19207898
-0.02411592
0.18685651
0.3538941
-0.47926462
0.061002742
-0.4382398
-0.51180756
-0.450059
-0.64900804
0.4603327
-0.66059345
0.19232681
-0.02406919
0.18809363
0.35414094
-0.479367
0.06110973
-0.4379776
-0.5117825
-0.4500743
-0.64829326
0.46022648
-0.65360606
0.20376623
-0.027210087
0.18571067
0.34608105
-0.4865545
0.05118962
-0.43155408
-0.52458197
-0.4465226
-0.6421029
0.44730142
-0.6365332
0.22329766
-0.034696817
0.17030984
0.35949394
-0.49174148
0.057717003
-0.44665265
-0.53790706
-0.4245926
-0.6376644
0.4335757
-0.64573467
0.24988064
-0.058201045
0.23229806
0.3068685
-0.48901084
0.010955386
-0.42904887
-0.5052178
-0.3802986
-0.65673447
0.37413883
-0.54209816
0.22990265
-0.18754035
0.2960211
0.14605944
-0.41385266
0.106153436
-0.5049587
-0.41359273
-0.37481025
-0.6081786
0.3315205
-0.4099711
0.23310332
-0.27130294
0.17062232
0.06558487
-0.47062004
0.18149829
-0.5213761
-0.45570043
-0.19067223
-0.42016295
0.36705214
-0.30190247
0.24407747
-0.007240966
0.052785322
0.02758325
-0.37518597
0.15111272
-0.4177498
-0.33096263
-0.12507632
-0.14194576
0.35772198
-0.21118115
-0.027982548
0.27505296
0.08157764
0.08437981
-0.27088743
0.24392867
-0.053098045
0.040610004
-0.11092605
-0.1954861
0.15741172
-0.29500285
-0.039607376
0.24991624
-0.002415225
0.1320123
-0.4724409
0.20686278
-0.10726021
0.027893506
-0.1973062
-0.2991092
0.3002034
-0.44201028
0.046043895
0.2496033
0.029098675
-0.008327812
-0.4626581
0.16716024
-0.22059819
0.052390173
-0.23460594
-0.23312233
0.3169596
-0.53689253
-0.046604842
0.18448369
0.19611938
0.046924576
-0.43529677
0.19183296
-0.27083215
0.045704007
-0.2384536
-0.352942
0.3215071
-0.5528983
-0.010602597
0.17570269
0.23050456
0.06743328
-0.4253608
0.17092845
-0.28487423
-0.005229205
-0.1821197
-0.37550002
0.3493262
-0.5665533
0.026762161
0.12524235
0.22901964
0.10064335
-0.4169206
0.18439372
-0.33122504
0.0030227602
-0.21062437
-0.38416964
0.3828659
-0.5746534
0.06405144
0.10595226
0.23322281
0.118262485
-0.4092145
0.16020858
-0.35135663
-0.018771261
-0.23688409
-0.39406574
0.3869205
-0.57736456
0.07168044
0.09985533
0.234931
0.116957605
-0.40908793
0.15451622
-0.35420674
-0.031015225
-0.24297474
-0.3920629
0.38167325
-0.5773645
0.07168048
0.09985533
0.23493111
0.11695778
-0.4090881
0.15451628
-0.35420668
-0.031015232
-0.24297464
-0.39206302
0.38167334
-0.5773644
0.07168035
0.09985533
0.2349311
0.116957635
-0.40908796
0.1545162
-0.35420668
-0.031015202
-0.24297458
-0.39206296
0.38167349
-0.5773644
0.07168038
0.09985533
0.23493119
0.116957664
-0.4090881
0.15451632
-0.3542068
-0.031015143
-0.24297464
-0.39206305
0.38167343
-0.57736456
0.07168035
0.099855155
0.23493104
0.11695765
-0.4090879
0.15451626
-0.35420674
-0.031015195
-0.24297449
-0.39206296
0.38167337
-0.5774796
0.071495175
0.1002869
0.23517196
0.11638938
-0.40909982
0.15495488
-0.35451233
-0.030683868
-0.24324659
-0.3920369
0.3821631
-0.5750513
0.07400476
0.101825744
0.22876877
0.11005008
-0.4050123
0.15309453
-0.35066748
-0.033265546
-0.24064308
-0.39196894
0.37846428
-0.5759281
0.061682828
0.08522594
0.21196996
0.115334064
-0.4153611
0.13836527
-0.36250252
-0.038911477
-0.25862122
-0.40000543
0.3916395
-0.6132468
0.055689424
0.073756635
0.23336126
0.08952372
-0.4114352
0.10842736
-0.37358683
-0.065641835
-0.2904629
-0.42621142
0.42208475
-0.5745291
0.04039886
0.07905725
0.25039983
-0.003718391
-0.40519327
0.15091582
-0.3948475
-0.099630535
-0.30851072
-0.33463794
0.40747246
-0.4516887
0.09149644
-0.05923766
0.25898352
-0.060590386
-0.42901698
0.12934174
-0.258221
-0.23820934
-0.2336181
-0.20002952
0.38958088
-0.26261675
0.19116428
-0.013812646
0.024648756
0.10307413
-0.197289
0.05103217
-0.1601221
-0.30720553
-0.07227637
-0.06830016
0.29561293
-0.17906931
0.06287829
-0.18044543
-0.31041104
0.15831822
0.08844867
-0.0437136
0.07442774
0.0884913
-0.047985062
-0.091935225
-0.09858454
-0.26851737
-0.18699789
-0.384808
0.03555209
0.0012394412
-0.0050939843
-0.0770329
-0.011099096
0.19087005
-0.28717327
0.14087605
0.019946473
-0.19103916
0.21484031
-0.34395477
-0.46912044
0.28525192
0.15937965
-0.06677376
-0.0856343
0.0056663156
0.058852497
0.009175971
-0.19883442
-0.32888323
-0.042314805
-0.33337104
0.02233269
-0.11108199
0.18616824
-0.16621244
0.18991503
0.46801588
-0.40147865
0.08021196
-0.1490792
-0.182535
0.23548116
-0.41476065
-0.5406389
0.31513423
0.36545023
-0.09812625
-0.0479329
0.077618584
0.032432657
0.0035736933
-0.28316602
-0.23860869
-0.11751522
-0.40968144
0.18686067
-0.077983014
0.25158703
-0.24429604
0.060983818
0.8555217
-0.3732502
0.021096583
-0.2082892
-0.24352445
0.2890773
-0.52121407
-0.6096736
0.12915951
0.4287941
-0.23336765
0.006921659
0.15908852
0.036068227
-0.031540774
-0.31750926
-0.14643647
-0.16378805
-0.5198202
0.24153607
-0.13426548
0.2752146
-0.17417766
0.054581203
0.95679367
-0.46335673
0.015185863
-0.20722508
-0.27672124
0.34746528
-0.5503557
-0.6535979
0.101944014
0.43060866
-0.25567412
-0.01015782
0.16008008
-0.010999648
-0.06273793
-0.3431598
-0.15498698
-0.20113468
-0.55930376
0.24168833
-0.152971
0.2963397
-0.16914925
0.06729134
0.99230206
-0.46544105
0.004457632
-0.21360369
-0.2783169
0.35032716
-0.55227613
-0.6594309
0.10100443
0.42768908
-0.25452924
-0.01176063
0.15849657
-0.012656968
-0.060063258
-0.35095647
-0.15097675
-0.20502739
-0.561018
0.24701737
-0.15023625
0.30137223
-0.17047702
0.061792858
0.9918204
-0.4616503
-0.008958131
-0.21594624
-0.28281704
0.36084044
-0.5616722
-0.6510817
0.09556714
0.4251291
-0.2502478
-0.025088891
0.14511292
-0.016641758
-0.053908125
-0.3467003
-0.17273268
-0.22096673
-0.5868492
0.23252621
-0.1500023
0.29405323
-0.1766656
0.05947855
0.9808005
-0.4627287
-0.0051507372
-0.19554296
-0.23707639
0.37582633
-0.5270081
-0.67625153
0.13102192
0.4509911
-0.23795633
0.06577748
0.13861172
0.021231137
-0.092658885
-0.41932297
-0.1657604
-0.17173237
-0.5864656
0.2647978
-0.1535725
0.2994204
-0.1414988
0.13518062
1.0770147
-0.47207278
-0.0036201216
-0.27448595
-0.11663346
0.35556257
-0.5764574
-0.6813138
0.09264967
0.45161092
-0.33152288
0.09086249
0.14820911
-0.013497373
-0.0021955967
-0.24557106
-0.09227163
-0.014554039
-0.37795943
0.14925125
-0.21269415
0.08568114
-0.24298832
0.18796203
0.87429994
-0.48434317
0.058377635
-0.120986655
-0.033465818
0.18090387
-0.3140383
-0.45155728
-0.17599091
0.32901973
-0.30104664
0.031527087
0.17347172
0.058251947
-0.11349343
-0.21463929
0.057623167
-0.1069113
-0.37185866
0.11851286
-0.044015218
0.07606511
-0.18719596
0.14188649
0.60714656
-0.49064773
0.13743468
-0.24568619
-0.41142544
0.070274025
-0.28327113
-0.31946054
0.12170899
0.4292223
0.040890142
0.15720272
0.3186161
-0.13061187
-0.20053454
-0.30489904
-0.4923439
-0.2045848
-0.41308624
0.07472753
-0.097452275
-0.005477364
-0.06383541
-0.08708872
0.5367377
-0.6801964
0.43749744
0.030804705
-0.32036707
0.197007
-0.3585261
-0.7798166
0.36412108
0.41145182
-0.014757976
-0.0025513433
0.1299793
-0.030179702
-0.0556363
-0.6441766
-0.6186826
-0.24288434
-0.578115
0.22628269
-0.28260452
0.2238727
-0.061009858
0.10563403
0.81365544
-0.89008266
0.34845752
-0.44712713
-0.29839975
0.14091426
-0.519106
-0.9135165
0.22160172
0.6028372
-0.12402679
0.19429368
0.13836855
-0.011265695
0.019359738
-0.5769966
-0.68385875
-0.41829848
-0.7344839
0.46179527
-0.470433
0.28841904
-0.15038072
0.20793694
1.1415573
-0.95399654
0.22862509
-0.42243278
-0.34870437
0.11196249
-0.67093056
-0.9618107
-0.04610977
0.7603278
-0.34650213
0.23343828
0.15582064
-0.02858106
0.023152575
-0.6528884
-0.6508126
-0.38462734
-0.931121
0.45752576
-0.383689
0.31646708
-0.1089468
0.17312294
1.2857662
-0.83116615
0.18496756
-0.4113031
-0.3733099
0.15044263
-0.67924505
-1.0636928
-0.093375996
0.7921101
-0.35796005
0.24604817
0.19141296
-0.04595483
0.020503342
-0.6860021
-0.7011637
-0.40077928
-1.016109
0.46116924
-0.4667255
0.3338648
-0.1313043
0.21818477
1.2796499
-0.83059716
0.11296328
-0.38153058
-0.36850345
0.14991888
-0.6819365
-1.0736289
-0.09023846
0.7987305
-0.35399854
0.2477278
0.17915136
-0.03297192
0.026315391
-0.7029609
-0.69555104
-0.40092534
-1.0283884
0.4682259
-0.47402176
0.3315435
-0.13794711
0.21962984
1.2792386
-0.83099645
0.09555736
-0.37250638
-0.35982126
0.16809751
-0.67933667
-1.075674
-0.10197022
0.8232417
-0.32987133
0.2651011
0.17074782
-0.050355062
0.020278648
-0.7026291
-0.68296015
-0.42706192
-1.071849
0.48723343
-0.5048932
0.34858316
-0.16326706
0.22170551
1.2481087
-0.8191853
0.09993251
-0.35877085
-0.28206503
0.17745829
-0.70785904
-1.0287958
-0.042713206
0.76666737
-0.30109516
0.27033147
0.15222299
-0.068543434
0.01766242
-0.6642492
-0.58188915
-0.36391902
-1.0536628
0.47995707
-0.45306897
0.30436146
-0.15500411
0.27517134
1.1583407
-0.70122826
0.010682333
-0.34872139
-0.06803499
0.1953803
-0.77100575
-0.9509689
0.021598771
0.7611943
-0.45680857
0.19570374
-0.019724697
-0.078742824
0.1950312
-0.34482673
-0.5340599
-0.09772456
-0.78885263
0.13228375
-0.5223762
0.19552474
-0.10154639
0.32426968
1.0109992
-0.50398266
0.09550119
-0.34088954
0.23936829
0.1703721
-0.42792547
-0.6008222
-0.5279303
0.62161994
-0.5005177
0.116283104
0.2350617
0.10080897
-0.042767823
-0.16094132
0.03430169
0.048092723
-0.7832284
0.1518193
-0.24395987
0.2537365
-0.4549446
0.22159302
0.6578355
-0.502867
0.1842761
-0.45621866
-0.46816346
-0.061325774
-0.2665329
-0.4001022
0.11784813
0.449655
0.07031
0.31436142
0.30936778
-0.13662271
-0.35059583
-0.33730006
-0.70032376
-0.06368092
-0.49361035
0.040346958
-0.17947978
-0.09113639
-0.1573427
-0.20186755
0.5391395
-0.7565366
0.5889944
0.12331094
-0.40249547
0.0074048266
-0.40177315
-0.87101984
0.35180646
0.5653782
0.018683463
0.12966272
0.15815654
-0.21471839
-0.20693918
-0.9211806
-0.7544662
-0.1743935
-0.6094265
0.22240154
-0.46695274
0.12778239
-0.10226045
0.13254152
0.9074724
-1.0598003
0.58476305
-0.44936553
-0.14185569
-0.17143925
-0.65174925
-0.8916229
0.24576148
0.7517023
0.089602366
0.3601597
0.22852525
-0.19877502
-0.05118671
-1.0576398
-0.95010614
-0.513319
-0.887527
0.54274213
-0.81169045
0.30732805
-0.23861861
0.14955276
1.3053699
-1.3061813
0.5682633
-0.5257589
-0.31179667
-0.23113422
-0.98446333
-1.0210258
0.0020814128
0.8821889
-0.04253483
0.3603761
0.2443556
-0.2481345
-0.031336844
-1.0614263
-0.97617346
-0.47179747
-1.2286108
0.3552229
-0.8713645
0.31564015
-0.23494366
0.22875077
1.5399246
-1.2887274
0.620197
-0.40761602
-0.33721602
-0.18164785
-0.9724974
-1.105445
-0.03427354
0.8922148
-0.11366457
0.35546088
0.31207156
-0.25463575
0.00924623
-1.051138
-0.9451835
-0.52775466
-1.2659892
0.35792843
-0.91697454
0.37393755
-0.31530884
0.21888772
1.5585042
-1.2969401
0.538975
-0.42278457
-0.3388722
-0.17658035
-0.9689229
-1.1213491
-0.029711809
0.89043474
-0.113290146
0.35979557
0.31227675
-0.2510273
0.00081181526
-1.0734537
-0.943717
-0.53909063
-1.2884877
0.37715936
-0.92511463
0.37541476
-0.30337813
0.23586035
1.5493985
-1.2988986
0.5244824
-0.4210884
-0.36984396
-0.16382806
-0.970183
-1.127986
-0.029534321
0.93425393
-0.11076333
0.33563548
0.31226373
-0.254476
0.032893598
-1.0775841
-0.92570114
-0.5682565
-1.3202379
0.3796818
-0.9496991
0.4000494
-0.34029445
0.24055293
1.5210361
-1.3157017
0.48908687
-0.3896787
-0.25970978
-0.05532167
-0.93989366
-1.0487542
-0.020802483
0.87910736
-0.11352271
0.2615038
0.22102061
-0.22134157
0.14384262
-1.0659142
-0.79293704
-0.4912999
-1.1859411
0.37901816
-0.83190066
0.35452548
-0.36280265
0.30307713
1.478408
-1.1085111
0.38600892
-0.3470855
-0.16168997
0.00062189996
-0.8624754
-0.9998868
0.08724473
0.59835404
-0.33529824
0.31719944
0.23569264
0.070174545
0.30357534
-0.9303587
-0.6866862
-0.31673652
-0.8413905
-0.011984061
-0.7448024
0.33038247
-0.35635197
0.2912593
1.0676163
-0.8956834
0.5979861
-0.39920115
0.3299854
0.23413783
-0.62423784
-0.58269703
-0.63367844
0.72104836
-0.49954346
0.006807927
0.23683017
0.24204658
0.23759457
-0.33106858
-0.10479217
-0.012734324
-0.7946136
-0.014830947
-0.39024615
0.4285714
-0.47915596
0.265921
0.8187045
-0.5846592
0.5297764
-0.46546626
-0.42581493
0.007561259
-0.2718355
-0.33961368
0.14182374
0.526801
0.08721715
0.3035611
0.3368384
-0.08136575
-0.36736998
-0.3590714
-0.7470393
-0.05222626
-0.4951076
0.040524147
-0.13457154
-0.06480359
-0.2334302
-0.20013651
0.61759996
-0.8064383
0.5792572
0.21127476
-0.4779764
-0.066831164
-0.44199762
-0.84057295
0.34442148
0.50454867
0.013359204
0.23411551
0.07070008
-0.22092119
-0.20781185
-0.9323732
-0.8309473
-0.19483688
-0.65907025
0.3091454
-0.51191175
0.21808603
-0.056413732
0.13143085
0.9467812
-1.0292823
0.5284392
-0.37252545
-0.12195948
-0.28916496
-0.78697884
-0.80715185
0.30890134
0.81120455
0.12443295
0.49304736
0.18993463
-0.19175172
0.013793856
-1.1115832
-1.1356237
-0.51925063
-0.9234934
0.47284245
-0.86358106
0.4101962
-0.19641916
0.13744879
1.4139357
-1.3652825
0.659452
-0.38487256
-0.30824924
-0.36157092
-1.0385444
-0.9276283
0.067636885
0.91907865
0.030825496
0.49344215
0.18326841
-0.21459278
0.0017733574
-1.1470816
-1.1469705
-0.49152616
-1.2091993
0.28808594
-1.0091124
0.4281034
-0.23552075
0.2938238
1.6773953
-1.3100295
0.72629285
-0.30522627
-0.3735512
-0.33059087
-1.0322422
-1.0046844
0.05294206
0.9502734
-0.055630475
0.47687766
0.27348527
-0.25826675
0.036550075
-1.1732492
-1.1450016
-0.5522183
-1.2834196
0.29683873
-1.0704284
0.4889707
-0.29007328
0.28439397
1.6744081
-1.3149586
0.7118685
-0.35536078
-0.36454642
-0.33022904
-1.0359504
-1.0090433
0.064602815
0.93818283
-0.055851728
0.4737538
0.2698547
-0.24488668
0.028159767
-1.1994264
-1.1351383
-0.5591774
-1.29586
0.30958518
-1.0841937
0.4950416
-0.2937417
0.28643394
1.6652048
-1.30444
0.697713
-0.35099232
-0.36003336
-0.3173104
-1.0360005
-0.99821395
0.07924542
0.9830625
-0.02937305
0.45355088
0.2742997
-0.24693525
0.052784026
-1.1939762
-1.1285787
-0.5958921
-1.3059105
0.30681387
-1.1249019
0.5079997
-0.32024616
0.280688
1.6430362
-1.3116319
0.6908287
-0.31628478
-0.20403597
-0.17365427
-0.98907125
-1.0066984
0.030622585
0.9805529
-0.060576275
0.34469032
0.24316111
-0.22242874
0.19231716
-1.1453617
-0.99367875
-0.57929677
-1.2155645
0.3437246
-1.0355574
0.39293334
-0.39226395
0.3363303
1.5928359
-1.183917
0.59727865
-0.3145654
-0.08180694
-0.103240095
-0.9029305
-1.0209973
0.10383187
0.63614607
-0.22332595
0.37257373
0.27325326
0.11149438
0.3430193
-1.0669005
-0.74963665
-0.29361776
-0.8939909
-0.09311042
-0.87240165
0.32664022
-0.4490389
0.38398486
1.1922505
-0.99244595
0.67434853
-0.45791155
0.34324473
0.23272675
-0.6484533
-0.54759496
-0.6694274
0.7560489
-0.47006086
-0.074961744
0.23291174
0.24006058
0.1986473
-0.4519378
-0.17259012
0.07544345
-0.80880266
-0.1256324
-0.41832417
0.48507506
-0.5391012
0.27724475
0.91989446
-0.6849399
0.66269624
-0.44603175
-0.42687193
-0.0041352585
-0.26109308
-0.35110903
0.15981728
0.55830437
0.07483126
0.33686593
0.32677895
-0.053191084
-0.3687607
-0.37491915
-0.75399053
-0.06699355
-0.5347613
0.03576398
-0.14609358
-0.05640122
-0.20866887
-0.18656869
0.6580491
-0.8196899
0.5727759
0.24666487
-0.45569146
-0.09466949
-0.4138888
-0.80856025
0.37317222
0.5250335
0.026254833
0.24619198
0.0659837
-0.24738397
-0.19266403
-0.9255385
-0.8141159
-0.2065286
-0.66571224
0.28845927
-0.49276608
0.21108331
-0.087219656
0.15541147
0.9387835
-1.0261443
0.5219235
-0.31056082
-0.18510216
-0.3200432
-0.7439004
-0.7946888
0.30186212
0.85074246
0.16037124
0.54813784
0.19910634
-0.24132256
0.03759569
-1.1399369
-1.1409693
-0.5578636
-0.9333911
0.4703954
-0.8870768
0.405592
-0.19470106
0.13840504
1.41326
-1.3717891
0.72912616
-0.3357828
-0.3341919
-0.40555936
-1.0294472
-0.9478884
0.053202827
1.0006576
0.03284408
0.49211898
0.20956403
-0.26611367
0.03710437
-1.1524414
-1.1487261
-0.50842756
-1.2483337
0.27552584
-1.0473826
0.3999523
-0.24217378
0.31159365
1.6999357
-1.3436985
0.8116786
-0.26563975
-0.40223223
-0.38824064
-1.020304
-1.0389569
0.03833369
1.0439003
-0.046554342
0.48341766
0.30727994
-0.30097333
0.042035043
-1.1733617
-1.1649503
-0.56889164
-1.3314899
0.27983755
-1.1047618
0.46195167
-0.3136682
0.31976345
1.7048483
-1.3459729
0.7863427
-0.33347216
-0.39764887
-0.38903907
-1.026263
-1.0449084
0.051763266
1.0313854
-0.0485034
0.4843986
0.3045252
-0.28857517
0.034882516
-1.2049582
-1.1566302
-0.5736016
-1.3433073
0.2952395
-1.1159276
0.46925154
-0.31980872
0.3216163
1.6982156
-1.3350011
0.76415443
-0.33213037
-0.38539356
-0.3741177
-1.0362917
-1.0244328
0.064090796
1.0807565
-0.027390659
0.46287173
0.303555
-0.27529624
0.06857738
-1.1884677
-1.1359776
-0.609527
-1.3516126
0.29138365
-1.1536509
0.4702542
-0.36201432
0.31119007
1.6813948
-1.3455033
0.75772846
-0.3099199
-0.23244877
-0.19976088
-0.9827821
-1.0077734
0.033120632
1.0670124
-0.04366009
0.3719381
0.26257125
-0.22988862
0.21299651
-1.1513271
-0.9820721
-0.5760596
-1.2291698
0.3144147
-1.0854933
0.3757319
-0.41901618
0.3425733
1.6285181
-1.2267643
0.66387963
-0.31880447
-0.12468141
-0.13267654
-0.9493628
-1.0249898
0.11278969
0.69781387
-0.23998919
0.36172146
0.2887779
0.08180696
0.3623984
-1.0615075
-0.76124156
-0.28477725
-0.9417534
-0.11738281
-0.9530459
0.3124726
-0.44792804
0.41119042
1.2485769
-1.0112622
0.7531438
-0.44068488
0.354473
0.23034868
-0.67842615
-0.53184223
-0.65969604
0.8096038
-0.47304887
-0.047294587
0.2524407
0.22126901
0.19981588
-0.44449353
-0.16951273
0.09530166
-0.8224518
-0.13433607
-0.45237648
0.47008938
-0.53880143
0.2878502
0.928149
-0.71864045
0.69435114
-0.44329906
-0.41491532
-0.006847024
-0.26032507
-0.3576737
0.15904455
0.55657756
0.081150606
0.3342138
0.33852145
-0.059208646
-0.3655486
-0.38493901
-0.75644565
-0.0628925
-0.53716564
0.03851772
-0.14562276
-0.0565342
-0.21347027
-0.18177661
0.6529097
-0.8254876
0.57375467
0.25021145
-0.43355915
-0.111898184
-0.41255224
-0.8141599
0.37020236
0.52261144
0.021839067
0.23579094
0.064779624
-0.25271574
-0.18979736
-0.9288613
-0.81606734
-0.21472362
-0.6690527
0.2847166
-0.48632944
0.22046411
-0.09867471
0.1618279
0.9312794
-1.0478609
0.5236024
-0.31131446
-0.16988301
-0.32770357
-0.74846435
-0.8001634
0.30550984
0.8478247
0.15106404
0.53271174
0.20420723
-0.23822169
0.04658827
-1.146681
-1.1313323
-0.56666875
-0.9303549
0.4725423
-0.87460804
0.4078555
-0.20609412
0.1334076
1.4048302
-1.3872
0.7210117
-0.32145196
-0.31962985
-0.416593
-1.0218468
-0.9458592
0.060328275
1.0044522
0.028208956
0.48656037
0.21839319
-0.26341444
0.053505003
-1.1509516
-1.1381056
-0.5146879
-1.2551054
0.28402725
-1.0291532
0.39338797
-0.2563479
0.3041396
1.6987218
-1.3550801
0.7987376
-0.25845823
-0.38246435
-0.39947808
-1.0133964
-1.0384389
0.04749078
1.0478303
-0.05456744
0.4742283
0.30973879
-0.2908166
0.05098498
-1.163367
-1.149951
-0.5741829
-1.3342814
0.28758532
-1.0865691
0.455356
-0.3305146
0.30995095
1.7021497
-1.3597431
0.7814965
-0.3261838
-0.3786254
-0.3980658
-1.0168482
-1.0455818
0.05961385
1.034628
-0.05671887
0.47661635
0.30924284
-0.27760604
0.04650581
-1.1962531
-1.1417336
-0.5790315
-1.3513775
0.30338967
-1.0983653
0.46588907
-0.33576423
0.31529778
1.6933541
-1.3469932
0.760465
-0.32514578
-0.37108922
-0.38059074
-1.0281862
-1.0247633
0.06892795
1.082167
-0.040820196
0.4601825
0.31226137
-0.2648058
0.07932758
-1.1838773
-1.1203094
-0.61590457
-1.3528507
0.29656622
-1.1384227
0.466876
-0.3804264
0.30625468
1.6710058
-1.3571496
0.74539375
-0.29580522
-0.22100534
-0.20504324
-0.97063804
-1.0060889
0.033089533
1.0602632
-0.05596292
0.36859053
0.26438746
-0.22758731
0.23367923
-1.1379167
-0.9683339
-0.56906676
-1.2330015
0.31538963
-1.0721921
0.35994768
-0.43411732
0.33591223
1.6248864
-1.2325764
0.64370304
-0.30657595
-0.110768944
-0.1351963
-0.92276394
-1.0255511
0.10737577
0.6898588
-0.2519406
0.3662263
0.29666337
0.089751706
0.37658367
-1.0490696
-0.74424624
-0.26903227
-0.9543016
-0.118705966
-0.93724614
0.3139562
-0.45511115
0.39969134
1.2345784
-1.0053437
0.722755
-0.43498963
0.3607656
0.22848701
-0.66951656
-0.5320872
-0.6651402
0.79911155
-0.4812636
-0.04324434
0.2515235
0.23737289
0.20957717
-0.43619072
-0.16057038
0.09792942
-0.821207
-0.13159049
-0.4463219
0.4706803
-0.5470611
0.28082207
0.9231183
-0.7158654
0.6783824
-0.44022256
-0.42116192
-0.018012099
-0.2625067
-0.35610303
0.15528369
0.558656
0.08720854
0.3238492
0.34798932
-0.067209035
-0.34508753
-0.37447876
-0.7529063
-0.03870502
-0.5300398
0.03604905
-0.13391435
-0.055895425
-0.20753011
-0.18023264
0.6353669
-0.8164716
0.5877774
0.2184331
-0.44528744
-0.11419094
-0.42985615
-0.79443586
0.36740214
0.5185083
0.03206581
0.23997225
0.047134414
-0.24450052
-0.17983115
-0.93460774
-0.7851454
-0.2139253
-0.66616774
0.30500036
-0.48316365
0.2101125
-0.09475196
0.17339003
0.9074187
-1.0459733
0.49792042
-0.32641146
-0.21080554
-0.32752028
-0.7476146
-0.7748348
0.29493445
0.86170185
0.14171922
0.50962
0.2070503
-0.2624217
0.06533757
-1.1666796
-1.1090121
-0.5470828
-0.9288493
0.46116036
-0.8980872
0.39533275
-0.18853508
0.13306971
1.3996913
-1.3729808
0.7139336
-0.36007854
-0.35393953
-0.42012084
-1.0168467
-0.9097235
0.053962305
1.0063299
0.034788013
0.48608708
0.23136202
-0.26976138
0.074480236
-1.1666526
-1.1373235
-0.49349892
-1.2675477
0.28887856
-1.0609093
0.38360238
-0.2378569
0.304714
1.680477
-1.3560479
0.8075513
-0.29431623
-0.4241765
-0.40917897
-1.0000412
-0.99549913
0.044912856
1.0696173
-0.034462035
0.45722073
0.3075778
-0.29964882
0.081599236
-1.1786199
-1.1265057
-0.5530644
-1.3296256
0.2803597
-1.1063033
0.44496363
-0.29925793
0.33476543
1.6804268
-1.3836691
0.78471524
-0.3513014
-0.41689277
-0.403827
-1.0032811
-1.0031137
0.051378205
1.055783
-0.041934118
0.4566958
0.30670205
-0.28770068
0.075712174
-1.2055464
-1.1255895
-0.559531
-1.3518182
0.2920502
-1.1168413
0.452479
-0.30333102
0.34106183
1.6701605
-1.372202
0.7643602
-0.3458135
-0.4143933
-0.3884993
-1.013242
-0.98044896
0.068644926
1.107433
-0.03205934
0.44745344
0.30971357
-0.27723062
0.11139992
-1.1784834
-1.1028008
-0.6075114
-1.3568735
0.2852586
-1.1472915
0.45172977
-0.3506932
0.33174187
1.6466488
-1.3781878
0.74633473
-0.31241184
-0.2401782
-0.23096943
-0.95586896
-0.96787024
0.04846261
1.0773033
-0.04081677
0.36829123
0.2559305
-0.23366882
0.26384687
-1.1159974
-0.95753145
-0.5664771
-1.240758
0.31159973
-1.0566953
0.34536377
-0.41081154
0.35530728
1.6022466
-1.2483919
0.6519968
-0.32151917
-0.111855105
-0.14739527
-0.9097284
-1.019039
0.11101453
0.7033888
-0.22417268
0.37279442
0.29591352
0.09511344
0.38270307
-1.0101378
-0.7293827
-0.28798577
-0.9806755
-0.10019675
-0.9339581
0.30069783
-0.47640568
0.41968805
1.227894
-1.0120192
0.6951452
-0.4419642
0.35049665
0.22772509
-0.6837517
-0.5553249
-0.67778087
0.7913741
-0.45998445
-0.049775183
0.26773772
0.2465979
0.21416947
-0.4157336
-0.15285464
0.10372466
-0.81750524
-0.13018806
-0.4545361
0.4618997
-0.5570945
0.288544
0.9145467
-0.71037483
0.6804587
-0.44962764
-0.44526002
-0.027534291
-0.22464444
-0.37679482
0.1289673
0.59465766
0.102257326
0.2796175
0.31262934
-0.10207058
-0.3266106
-0.34348258
-0.7720529
0.03735569
-0.56905365
0.02938003
-0.17735845
-0.057253685
-0.20665348
-0.11813189
0.69354284
-0.7661783
0.5469815
0.20678434
-0.4317088
-0.17204566
-0.39769655
-0.8160139
0.32411468
0.547202
0.036383405
0.30465886
0.087715805
-0.26147938
-0.14900993
-0.889946
-0.6671811
-0.11818609
-0.65886676
0.25233218
-0.51121324
0.13714816
-0.13773382
0.13066688
0.87805724
-0.92022896
0.5156475
-0.27475274
-0.22394547
-0.35833332
-0.6417662
-0.7533879
0.26732326
0.8148523
0.13375321
0.5364778
0.24732363
-0.22880569
0.09912363
-0.97594327
-0.95055425
-0.33543912
-0.92505556
0.42224932
-0.9553834
0.2877818
-0.3411836
0.09752256
1.3311043
-1.1543292
0.68568045
-0.31997147
-0.356203
-0.43905014
-0.9005323
-0.80447817
0.13550904
0.9396841
0.031444788
0.5685557
0.26544726
-0.2727062
0.173545
-0.9837652
-0.9690352
-0.298786
-1.274086
0.27391863
-1.1340852
0.321709
-0.28823358
0.22771
1.6282791
-1.1588296
0.8431648
-0.264018
-0.40068617
-0.46515745
-0.8698839
-0.8285582
0.14539073
0.9836631
-0.027123928
0.57902634
0.3375057
-0.25402272
0.1863767
-1.0231534
-0.9423409
-0.3201284
-1.2981501
0.2733048
-1.1756421
0.36554605
-0.34493315
0.24916771
1.6589997
-1.1693096
0.8210135
-0.30892718
-0.39545587
-0.46840936
-0.8667488
-0.82404363
0.15406038
0.96859944
-0.025627613
0.59345675
0.33107927
-0.24272293
0.17216727
-1.0379353
-0.93911874
-0.32303944
-1.3079958
0.28820586
-1.1835355
0.3634917
-0.34693807
0.2561569
1.6465721
-1.159523
0.8076842
-0.31365135
-0.3906675
-0.46781117
-0.8796194
-0.80736053
0.15408199
1.000528
-0.017344907
0.5648202
0.3480144
-0.22916172
0.20399815
-1.0451341
-0.92385566
-0.38753
-1.2960823
0.24918617
-1.194888
0.35977364
-0.38135058
0.23307614
1.6323771
-1.1631559
0.7958755
-0.29729486
-0.2142376
-0.32665366
-0.89194787
-0.78586745
0.09692258
0.9629433
-0.034272015
0.45198804
0.24407935
-0.15618032
0.39491022
-1.0349753
-0.78790677
-0.4039146
-1.1664238
0.25308794
-1.0735428
0.30430698
-0.47663817
0.27237108
1.5561979
-1.116163
0.63118386
-0.291983
-0.14523472
-0.2408093
-0.82081723
-0.8813761
0.15745223
0.6581608
-0.19338414
0.44409984
0.2797888
0.102941334
0.42286065
-0.913334
-0.5775385
-0.2184127
-1.0395343
0.018274864
-0.9872695
0.21089028
-0.40776333
0.3030862
1.1766644
-0.8878383
0.62867635
-0.49457014
0.35239333
0.16031459
-0.63857365
-0.48737523
-0.5977397
0.7345621
-0.41130581
0.0021715648
0.23265573
0.27408808
0.2876426
-0.33440885
-0.086304106
0.12896869
-0.8129214
-0.10293707
-0.5378362
0.5031094
-0.5297605
0.25046033
0.93291616
-0.6681024
0.6529215
-0.42490634
-0.1729137
-0.14089093
-0.23111963
-0.2632077
0.088028684
0.44241545
0.20220865
0.24342424
0.024372503
-0.03958533
-0.26228362
-0.18467332
-0.63697696
0.025711998
-0.54771686
0.025579084
-0.049173445
-0.06507896
-0.24670073
-0.08881341
0.6378826
-0.5954985
0.35957098
0.21839982
-0.13463905
-0.39324236
-0.24892396
-0.7042081
0.17297783
0.4381898
0.057768293
0.3692169
0.082783595
-0.36777404
0.08794685
-0.6150535
-0.5782114
-0.05354987
-0.71341276
0.19917183
-0.31763065
-0.07559198
-0.31122303
0.037868284
0.6748485
-0.83460855
0.3025561
-0.17138343
0.035464145
-0.45515227
-0.5657159
-0.83227843
0.047625802
0.6181416
0.109578565
0.43277723
0.20049512
-0.27018508
0.30323613
-0.7477523
-0.94575727
-0.2068421
-0.95155597
0.1963366
-0.51830864
0.17247508
-0.43724042
0.119751245
0.9936006
-0.8664655
0.43925065
-0.20531216
-0.04718992
-0.47942084
-0.72474647
-0.81002814
-0.115772165
0.7499014
0.11009321
0.44785076
0.24072066
-0.24597876
0.3390668
-0.8143155
-1.0712397
-0.018660814
-1.2476337
0.054977447
-0.74215364
0.2653233
-0.49743125
0.19861877
1.2315071
-0.9386345
0.6177572
-0.1711731
-0.10503659
-0.47376078
-0.72430277
-0.8750644
-0.10747381
0.77250504
0.06277965
0.43912017
0.26457578
-0.23283242
0.39403448
-0.88558316
-1.028066
-0.027689636
-1.2622643
0.05248639
-0.82485044
0.3412045
-0.5469581
0.19306993
1.274084
-0.96150506
0.64561427
-0.1792505
-0.10520434
-0.47655034
-0.7302866
-0.85972834
-0.09252186
0.7655317
0.07014768
0.4522966
0.25924963
-0.22596246
0.38675004
-0.89570904
-1.0194278
-0.03644541
-1.2788
0.062424637
-0.8207381
0.34324428
-0.5588036
0.1990247
1.2736133
-0.96458566
0.6333865
-0.17786105
-0.10627704
-0.45754558
-0.75459397
-0.8579094
-0.06638817
0.7943964
0.058289267
0.4613794
0.27179283
-0.21387908
0.39616236
-0.8779333
-0.99867296
-0.07441899
-1.2598252
0.03318617
-0.86394536
0.3437692
-0.5793905
0.20399323
1.2658459
-0.9488151
0.6462612
-0.18230478
-0.05316907
-0.396622
-0.7244586
-0.7859943
-0.069796845
0.76150787
0.081613235
0.35225782
0.22803661
-0.19463933
0.5372976
-0.7923608
-0.91842073
-0.13122073
-1.1510315
0.026892401
-0.7908832
0.36237207
-0.63782775
0.19346866
1.2201673
-0.90067655
0.51243186
-0.1811374
-0.1546936
-0.33628082
-0.65354556
-0.8852007
0.008030076
0.44088387
-0.06302339
0.3905842
0.20754701
0.055634722
0.45017523
-0.9148491
-0.68937063
-0.16235702
-0.9932947
-0.11999647
-0.84803325
0.3318001
-0.55838656
0.26961377
0.8978151
-0.77875173
0.61676174
-0.3190803
0.19206518
-0.08834472
-0.59814465
-0.5798742
-0.44469473
0.70089865
-0.17651452
-0.01556031
0.1980838
0.25705135
0.329808
-0.37919515
-0.18231353
0.22436985
-0.6952633
-0.18706417
-0.46182507
0.44336608
-0.60193723
0.26131406
0.7752292
-0.69819635
0.5156983
-0.28638566
-0.21795928
-0.30938184
-0.18292165
-0.32982898
-0.08177266
0.33304402
0.18755412
0.19793081
-0.0384814
-0.0105397925
-0.22951055
-0.16870095
-0.39596814
0.051540628
-0.13901955
-0.102834284
-0.019094795
0.028293269
-0.25338495
-0.0715422
0.4688515
-0.42161238
0.10120836
0.021655388
-0.24742049
-0.6754005
-0.18732722
-0.43189612
-0.12124853
0.2862937
0.20879404
0.35343742
-0.04240483
-0.20948258
0.18274318
-0.2744568
-0.39923334
-0.02660247
-0.23374003
0.08086191
-0.21518387
0.029851008
-0.31396118
0.0159273
0.4837435
-0.6282799
0.25933853
0.03570387
-0.17733985
-0.6602584
-0.28676224
-0.6561869
-0.16561796
0.38200203
0.18556257
0.22773433
0.06934569
-0.12619945
0.3336882
-0.43155748
-0.6145029
0.06845993
-0.4131183
0.084448695
-0.4352139
0.27118647
-0.26230332
0.034643564
0.5934615
-0.8068581
0.3878045
0.09165056
-0.2027636
-0.6631903
-0.3202532
-0.70313585
-0.14916448
0.46581885
0.18484809
0.21541227
0.10596958
-0.16004845
0.31427112
-0.42848802
-0.7017935
0.016412944
-0.5512913
0.036658093
-0.6125019
0.29520798
-0.35725284
0.11724175
0.8056883
-0.88895684
0.42352286
0.06683269
-0.2069529
-0.6748279
-0.32307276
-0.72043836
-0.13294142
0.47550157
0.16146663
0.20614319
0.13027394
-0.1903192
0.2834491
-0.47260296
-0.67772824
-0.046922386
-0.5546642
-0.0040517133
-0.65148085
0.30592686
-0.3954254
0.10469549
0.833022
-0.87690973
0.44013977
0.07842481
-0.1992534
-0.67045814
-0.32748443
-0.71107787
-0.12966727
0.47479337
0.16693923
0.207136
0.12791072
-0.18331295
0.28049245
-0.4700671
-0.67055416
-0.048597172
-0.566048
-0.007823894
-0.6519777
0.30162492
-0.40333953
0.10387863
0.82596016
-0.87386376
0.43300465
0.080957174
-0.18637875
-0.6698942
-0.33606803
-0.69643927
-0.11408243
0.4653472
0.15701386
0.22641486
0.12736064
-0.18153736
0.30022004
-0.4600554
-0.6702484
-0.060317278
-0.56390774
-0.009087168
-0.6605215
0.29138163
-0.40629014
0.09621988
0.80446213
-0.88132495
0.4339176
0.09139165
-0.11238942
-0.5537598
-0.26869842
-0.61219513
-0.14309931
0.46482116
0.16169223
0.18295571
0.099535294
-0.11024577
0.41902155
-0.37520114
-0.6329664
-0.08183251
-0.5590724
-0.016304823
-0.65239435
0.28439823
-0.4498087
0.045130286
0.8697493
-0.870051
0.33232713
0.08629616
-0.098058365
-0.3900349
-0.16624506
-0.7942926
-0.167794
0.2387092
0.10844199
0.22282971
0.15277097
-0.14823954
0.3314891
-0.48328546
-0.550957
-0.14971316
-0.52427423
-0.20807959
-0.6737095
0.20336878
-0.2813001
0.036030054
0.6759816
-0.78701705
0.2763536
0.012837976
0.0063802227
-0.1678723
-0.26586947
-0.5796417
-0.27452156
0.36231565
0.047618747
-0.010773145
0.06739771
-0.029998325
0.24224223
-0.2781159
-0.2663839
0.06510119
-0.29053295
-0.30771965
-0.5147207
0.1729031
-0.38650066
0.10235248
0.5341368
-0.5373459
0.2769792
-0.1948013
-0.117644705
0.07843232
-0.16279632
0.006211184
-0.078580484
-0.305215
-0.0051523736
-0.14691307
0.09864861
0.16792749
-0.047618937
0.42932177
-0.26496744
0.26456895
0.14566024
0.10984279
0.11218843
0.0076749995
-0.088803336
0.054229267
-0.027999964
-0.19861184
0.48504424
-0.11408574
-0.10848488
0.091638565
-0.03857
0.07384777
0.006602913
-0.48977625
0.1448215
0.1239165
-0.1562561
0.1969558
-0.4375863
0.3116317
-0.09802367
0.6046121
0.022721857
0.13021623
0.18875982
-0.0988366
-0.36746424
-0.18444662
-0.036637828
-0.23435116
0.4365074
-0.13426629
-0.09546407
0.062274158
0.005394906
0.07042149
-0.07505682
-0.55910164
0.16123936
0.16690294
-0.15236157
0.23854816
-0.39203376
0.33086437
-0.09318777
0.59631026
0.17613374
0.16724493
0.21030197
-0.16877909
-0.40181437
-0.178847
-0.025455594
-0.19104803
0.4342426
-0.1765325
-0.087018676
0.06017506
0.0111940205
0.045525845
-0.047304854
-0.559088
0.18190406
0.15727796
-0.16314317
0.23074588
-0.3524434
0.295739
-0.10294722
0.54810035
0.19059283
0.16614974
0.18074363
-0.167051
-0.40559515
-0.18256599
-0.044043183
-0.15695667
0.39690992
-0.19431154
-0.017777886
-0.02235879
0.004643604
0.14356534
-0.075590506
-0.320046
0.1184054
0.17997056
-0.16700105
0.22756991
-0.119991355
0.22827357
0.0942322
0.49822968
0.24658267
0.061933354
0.116533354
-0.12712939
-0.41807222
-0.05083607
0.01067052
-0.12786011
0.10086321
-0.24181342
-0.23215081
0.18646869
-0.0664548
-0.14894347
0.17455897
-0.3622264
0.15204453
-0.5420622
0.16838709
0.35201946
0.48410934
0.5496335
-0.2516945
0.26589072
0.17560127
-0.026537593
-0.08800149
-0.097986996
-0.22743537
-0.020375945
-0.011575475
-0.34835535
0.75143355
-0.25168145
-0.008819222
0.17901051
-0.062812895
-0.14181161
0.332088
-0.5879993
0.022204034
-0.08621696
-0.29655835
0.51028967
0.08520115
0.7508631
-0.13055027
0.87673277
0.4722149
-0.1327753
0.10140021
-0.22018892
-0.42009598
-0.2876167
-0.2295
-0.47218117
0.65970933
-0.26649082
0.16899076
0.1118443
-0.115638286
-0.013774887
0.30636087
-0.7013903
0.060467385
-0.052402243
-0.3382631
0.6867988
0.2534683
0.9169501
-0.072708786
0.99462855
0.3540639
0.034478053
0.13634665
-0.20437558
-0.4367215
-0.28811952
-0.29110572
-0.5152916
0.5812027
-0.40469977
0.23264213
0.09762266
-0.17076093
0.022457713
0.31050164
-0.7867272
0.072131045
0.0064712763
-0.35722876
0.64061475
0.29021224
0.9090655
-0.14070752
0.9644028
0.37801367
-0.010309398
0.17079578
-0.17970142
-0.4429928
-0.19730194
-0.26807994
-0.47278816
0.53335947
-0.41704425
0.21912186
-0.0680152
-0.3525767
0.118920244
0.21541902
-0.5946349
-0.10932471
0.188461
-0.34156063
0.5845444
0.060384564
0.822248
0.055682406
0.7901391
0.33436593
-0.011358842
0.17766011
-0.25653738
-0.55558103
-0.08331921
-0.17414641
-0.10626498
-0.12406725
-0.651922
-0.27600706
0.25450894
-0.12297924
-0.13020581
0.23249689
-0.35523772
0.14468026
-0.57027197
0.10319072
0.37454024
0.55846304
0.65497637
-0.19397256
0.18656717
0.15234172
-0.04561399
-0.13647819
-0.05003643
-0.1627172
0.04414822
0.020441081
-0.4331228
0.68070006
-0.35259908
-0.09578574
0.48144108
-0.0033339262
-0.05502335
0.53039074
-0.78175503
0.055656627
-0.12582645
-0.5012345
0.5083394
0.11734626
0.8242519
-0.036324933
0.689322
0.44469243
-0.056771338
0.17569031
-0.3973211
-0.2042901
-0.21990532
-0.18903495
-0.58302027
0.63927984
-0.38602263
0.17436677
0.390653
-0.088000655
0.13675882
0.5312271
-1.0499859
-0.008912995
-0.070806354
-0.4255248
0.7759223
0.2378601
1.1012957
0.112404495
0.9906795
0.4083071
0.13807757
0.06632438
-0.40174022
-0.23462854
-0.33053058
-0.28750926
-0.7403543
0.626551
-0.55867374
0.26365483
0.35799512
-0.16065761
0.1834698
0.5318433
-1.0980656
-0.025315415
-0.02516687
-0.43733028
0.6786034
0.23563807
1.0225738
0.026910454
0.9865991
0.42650336
0.05641365
0.11458978
-0.3581127
-0.31648332
-0.30115092
-0.30706948
-0.7323557
0.5352143
-0.5387804
0.340115
0.20154822
-0.3996929
0.16957995
0.32742238
-0.7479861
-0.11176434
0.121424645
-0.44852963
0.57041115
-0.0073522627
0.9507128
-0.021771222
0.7895185
0.35034668
0.007353723
0.2054014
-0.45001674
-0.45305336
-0.09700775
-0.29599753
-0.23754184
-0.16493307
-0.698595
-0.25703818
0.24153689
-0.10855974
-0.16406627
0.2897732
-0.36972168
0.16720065
-0.55322474
0.10498548
0.33309236
0.5371528
0.625593
-0.15908143
0.18489188
0.11317975
-0.061190605
-0.16673377
-0.018938676
-0.13815722
0.097405486
0.03317686
-0.4163986
0.6903823
-0.31501982
-0.13537669
0.49885392
0.09727639
-0.1262553
0.52347976
-0.82121694
0.06702112
-0.2270209
-0.5504614
0.5321441
0.2099778
0.7717993
-0.019178241
0.61126095
0.39950046
-0.030406684
0.21973628
-0.31797814
-0.23933145
-0.21767531
-0.22613476
-0.58926815
0.57584715
-0.39259523
0.10543671
0.3773321
-0.01568818
0.13802555
0.6041712
-1.0225909
0.007830013
-0.18181846
-0.4126134
0.79993665
0.29428208
1.0824885
0.17194736
0.85384285
0.3548121
0.15936688
0.074064195
-0.34010303
-0.28171247
-0.2984304
-0.32954204
-0.6918377
0.5876725
-0.6047364
0.21908738
0.35718778
-0.08858895
0.17094952
0.6076512
-1.0723968
0.021741927
-0.09059061
-0.4382997
0.72221863
0.27340966
1.016877
0.07762143
0.86529815
0.38264135
0.08195506
0.08382583
-0.30270895
-0.37953606
-0.23770246
-0.33748135
-0.68933415
0.5334172
-0.5670965
0.3444875
0.18564834
-0.41984326
0.169009
0.3930434
-0.74324065
-0.09519811
0.12198669
-0.41753685
0.58242786
0.05782777
0.90836716
-0.00067052245
0.7523973
0.31141922
0.03008224
0.15126547
-0.46679282
-0.47746658
-0.10551141
-0.31071222
-0.24643648
-0.13439502
-0.69734913
0.014147863
0.1176292
-0.03325589
-0.09150224
0.33712724
-0.23278008
0.1392479
-0.463936
0.04741463
0.094350345
0.53200567
0.43268025
0.023238711
0.13031767
0.10757948
-0.017118499
-0.16413777
-0.06620543
-0.13134627
0.0043096095
0.15704829
-0.361269
0.42053252
-0.18440275
0.018849203
0.24667913
0.044595882
0.04556386
0.5049957
-0.5923688
-0.13121535
-0.35449618
-0.65131336
0.4277097
0.26362988
0.5613823
0.14336659
0.39961845
0.23469058
0.05409038
0.09992571
-0.17610112
-0.106062844
-0.073550634
0.04446195
-0.3868764
0.36001503
-0.47039458
0.13893211
0.24287805
-0.050942585
0.17159295
0.655921
-0.6538593
-0.17973706
-0.3379823
-0.6714399
0.6378592
0.32394832
0.8115614
0.2742718
0.6507093
0.17921032
0.08176999
0.032007217
-0.080440894
-0.2056438
-0.22339444
-0.10924894
-0.56811416
0.37751934
-0.6300802
0.18414927
0.21400699
-0.048756227
0.20542625
0.6529552
-0.6837241
-0.17682153
-0.3165514
-0.6395701
0.620345
0.32735428
0.80113703
0.20069
0.6315152
0.1975598
0.07916851
0.04888323
-0.0023638876
-0.26954478
-0.19814298
-0.13175762
-0.583576
0.3820809
-0.5962323
0.19213359
0.23388492
-0.17552017
0.030087695
0.55194396
-0.48971105
-0.28321347
-0.02184277
-0.55691826
0.45886827
0.17783159
0.6865344
-0.04598704
0.5789691
0.14366686
0.15025997
0.15757492
-0.22369863
-0.17121339
-0.18325552
-0.091500826
-0.31804237
-0.11410591
-0.7327113
0.018418668
-0.0551128
-0.1180418
0.10955526
-0.16264102
-0.031628903
-0.026482463
-0.21887068
-0.07170061
0.30918217
-0.12058527
-0.15660636
-0.028018994
-0.030322531
0.13161737
0.11627702
0.1753034
-0.27764252
0.096125215
0.05896523
0.05617561
-0.053222667
0.03672245
0.025356999
-0.29534012
0.2688021
-0.16051257
0.18003704
-0.041183896
-0.31106737
-0.08048249
-0.5387337
-0.1977233
0.0012655198
-0.36953092
-0.2687099
-0.031731974
0.16041537
0.17587231
-0.062253773
0.4133972
-0.45551103
-0.015446499
0.03898534
-0.18735224
-0.11340717
0.4200701
0.19581299
-0.19442348
0.30562502
0.1729397
0.0263195
0.06409402
-0.2922215
-0.014885411
-0.28981996
-0.18357527
-0.17537184
-0.30463028
-0.20769262
0.11058747
0.0037841569
-0.072624706
-0.05823352
0.2793638
-0.5008576
-0.16876349
0.035638217
-0.17683734
0.15279266
0.18974167
0.18146768
0.0934714
0.25090468
0.0064582415
-0.04579053
-0.07047431
-0.029349642
-0.42350456
-0.21807091
-0.17096059
0.43940505
-0.029298274
-0.29656413
0.22412013
0.11150053
-0.09258546
0.03590367
0.1550651
-0.50436884
-0.10662376
0.24724823
0.42146504
0.07596866
0.1959302
-0.35045692
-0.07865744
-0.036523428
-0.22586337
0.23331466
-0.015636215
-0.41207814
-0.7300387
-0.46455643
0.06982749
0.3637274
-0.4183913
-0.3125796
0.13071929
0.10210634
0.07235876
-0.32627183
0.7786049
-0.7816946
-0.20490916
0.11747554
0.327153
-0.10691988
0.20006542
0.05561909
-0.105506964
0.09392876
-0.031463083
0.015072141
-0.0011675459
-0.1703973
-0.39757848
-0.39429146
-0.03621195
-0.09763566
-0.44891727
-0.29429156
0.13946931
0.09425495
-0.11561198
-0.22028261
0.71204776
-0.6937614
-0.3910494
0.0033800453
-0.060489938
-0.024184015
0.43691894
-0.16493765
0.023169868
0.08970829
0.0037014885
-0.08013651
-0.10536927
0.14136584
-0.45285067
-0.10946745
-0.11328454
0.113388784
-0.002119816
-0.30630356
0.14455505
0.19743603
-0.2733167
0.055756498
0.12748592
-0.25518358
-0.2933149
0.2899359
0.31600425
0.010737729
0.3698579
-0.39722854
0.08258656
-0.0658289
-0.23482245
0.13820152
0.019230055
0.30327618
-0.5323034
0.07141993
-0.06681108
-0.009645535
-0.25006837
-0.09921298
0.13412629
0.11134625
0.1426637
0.015153144
0.48284903
-0.38167417
-0.5433482
0.1868308
0.5067572
0.13061655
0.5159235
-0.06879852
0.11880829
-0.22822629
-0.19493812
0.053485997
-0.004802948
0.08815442
-0.3355084
-0.10437429
-0.055733994
-0.057238072
-0.14336121
-0.08659282
0.11993828
0.16756518
0.21847677
-0.023517085
0.4068737
-0.41087282
-0.26762387
0.03276165
0.119240195
-0.1000003
0.32053912
-0.021284072
0.0920893
-0.05588612
0.03257433
0.0820469
-0.12225337
0.101763904
-0.04352761
-0.029882208
0.11828372
-0.09278198
-0.1557157
0.014567749
-0.039738722
0.28068632
0.19300906
-0.18794367
0.026615193
-0.18872479
-0.1806891
-0.08919844
0.1009726
-0.1738371
0.15090321
-0.010456879
0.17513175
-0.19829147
0.20651674
-0.27034724
0.0108781755
-0.036411457
-0.0038074553
0.2647713
0.08744816
0.055258367
0.11803082
-0.048049293
0.10070416
0.31550527
-0.049995326
-0.054548085
-0.11737561
-0.014158968
-0.2380394
-0.021076575
-0.30916193
0.09441774
0.12052858
-0.25909406
-0.03646852
-0.24714354
0.10063967
0.05676076
-0.034873314
0.19913186
0.14796709
0.054781478
0.15044144
-0.2493214
0.06940427
-0.08644519
-0.40344965
0.045138594
0.30676186
0.047013182
0.084115066
0.22895834
0.1306325
-0.21093473
0.18169987
-0.19973099
0.18270557
0.15249227
-0.20460396
-0.22181185
0.24511564
0.017318971
-0.25749093
0.29564697
0.21407175
0.15945289
0.10519532
-0.013372572
0.316593
-0.12767324
-0.20355304
0.034577027
0.27533215
-0.15043849
-0.072205774
-0.09232323
0.03690801
-0.16804723
-0.15805234
-0.22589108
0.39589274
-0.1550923
0.19935152
0.046827674
-0.07504912
0.096400015
-0.08582885
-0.13756324
0.17828262
-0.04893667
-0.08211948
-0.10605893
-0.055201653
-0.05947892
-0.11359373
0.056711793
0.115849935
-0.1524095
0.11208095
0.100421295
-0.12656781
-0.14327738
-0.0770793
0.0910802
0.22855917
-0.17337893
