WARNING:root:write block debug graph to ././debug.pdf
name: "detection_output_0.tmp_0"
type {
  type: LOD_TENSOR
  lod_tensor {
    tensor {
      data_type: FP32
      dims: 1917
      dims: 6
    }
  }
}
persistable: false

[[ 1.00000000e+00  5.63118875e-01  2.47297585e-02  2.90545821e-02
   9.78137970e-01  9.81680095e-01]
 [ 1.00000000e+00  1.31123969e-02 -7.59940892e-02  5.75681210e-01
   4.11291540e-01  1.13245296e+00]
 [ 1.00000000e+00  1.30336033e-02 -9.43214595e-02  6.19597375e-01
   7.28693008e-01  9.79547799e-01]
 [ 1.00000000e+00  1.21419476e-02 -5.12954444e-02 -1.10084683e-01
   2.19287708e-01  4.99880165e-01]
 [ 2.00000000e+00  4.01302338e-01  2.63781846e-02  2.75558233e-03
   9.95097280e-01  9.56906140e-01]
 [ 2.00000000e+00  1.10684596e-02 -5.09496033e-03  9.85346735e-04
   2.38778815e-01  1.14471123e-01]
 [ 2.00000000e+00  1.05232438e-02 -5.77311814e-02  6.08292073e-02
   4.62787241e-01  5.46635985e-01]
 [ 3.00000000e+00  1.97429344e-01  4.61292565e-02  1.61779523e-02
   9.81118321e-01  1.02458096e+00]
 [ 3.00000000e+00  1.95518397e-02  8.46021175e-01  4.18649465e-02
   9.83799100e-01  3.31688046e-01]
 [ 3.00000000e+00  1.95327476e-02  9.02857423e-01  7.32078671e-01
   1.01815426e+00  1.00970411e+00]
 [ 3.00000000e+00  1.87285505e-02  9.01870489e-01  6.47694021e-02
   1.01103711e+00  3.44480753e-01]
 [ 3.00000000e+00  1.86638813e-02  1.40162408e-02  2.97567993e-03
   1.68781340e-01  2.49658436e-01]
 [ 3.00000000e+00  1.86476242e-02  8.45046461e-01  6.15370274e-01
   9.85778749e-01  9.03915286e-01]
 [ 3.00000000e+00  1.85543988e-02  8.44972253e-01  1.97346330e-01
   9.84440446e-01  4.86361980e-01]
 [ 3.00000000e+00  1.84784532e-02  8.45006287e-01  4.08052146e-01
   9.84382808e-01  6.96882904e-01]
 [ 3.00000000e+00  1.71713904e-02  9.02320206e-01  5.86335003e-01
   1.01267517e+00  8.67333353e-01]
 [ 3.00000000e+00  1.69693697e-02  9.02228892e-01  2.18372881e-01
   1.01240814e+00  4.98792827e-01]
 [ 3.00000000e+00  1.69137958e-02  9.02215064e-01  3.76330853e-01
   1.01239955e+00  6.56650424e-01]
 [ 3.00000000e+00  1.60971917e-02  6.67540729e-03  1.24556869e-01
   1.61279097e-01  4.33308274e-01]
 [ 3.00000000e+00  1.54107641e-02  3.05975229e-03  6.48376822e-01
   1.64165199e-01  9.50345039e-01]
 [ 3.00000000e+00  1.52627602e-02  7.85060972e-03  4.93634462e-01
   1.60664856e-01  7.99734592e-01]
 [ 3.00000000e+00  1.52591178e-02  7.83710182e-03  2.83071369e-01
   1.60670489e-01  5.89142203e-01]
 [ 3.00000000e+00  1.52398245e-02  5.52171618e-02  4.71796244e-02
   2.11284891e-01  3.40871632e-01]
 [ 3.00000000e+00  1.43252248e-02  5.66613302e-02  1.92471579e-01
   2.09699541e-01  4.93200898e-01]
 [ 3.00000000e+00  1.42618734e-02  5.67302406e-02  3.50375146e-01
   2.09626168e-01  6.50632620e-01]
 [ 3.00000000e+00  1.36916908e-02  5.62850982e-02  5.60845971e-01
   2.10272595e-01  8.62348557e-01]
 [ 3.00000000e+00  1.36779072e-02  7.37030268e-01  4.16015834e-02
   8.97344708e-01  3.31984580e-01]
 [ 3.00000000e+00  1.34553993e-02  1.05730705e-01  1.33951738e-01
   2.66576767e-01  4.38378870e-01]
 [ 3.00000000e+00  1.32674230e-02  7.38084674e-01  1.92865998e-01
   8.95727634e-01  4.88875002e-01]
 [ 3.00000000e+00  1.32517042e-02  7.38257825e-01  4.04040396e-01
   8.95562470e-01  6.99049294e-01]
 [ 3.00000000e+00  1.30926082e-02  6.79668188e-01 -2.03189850e-02
   8.62463117e-01  2.45597064e-01]
 [ 3.00000000e+00  1.29674785e-02  1.55914932e-01 -1.21192634e-02
   3.34556311e-01  2.41975933e-01]
 [ 3.00000000e+00  1.29473796e-02  1.07063018e-01  2.90878773e-01
   2.65995175e-01  5.90505898e-01]
 [ 3.00000000e+00  1.29473796e-02  1.07063018e-01  4.48773444e-01
   2.65995175e-01  7.48400629e-01]
 [ 3.00000000e+00  1.29225003e-02  7.37321079e-01  5.61192036e-01
   8.96502554e-01  8.57478261e-01]
 [ 3.00000000e+00  1.26409335e-02 -3.76771614e-02  6.83438540e-01
   1.05036862e-01  9.65331554e-01]
 [ 3.00000000e+00  1.25297923e-02  9.01307583e-01  8.28502595e-01
   1.03173304e+00  1.10792994e+00]
 [ 3.00000000e+00  1.25130778e-02  7.92913437e-01  1.39619783e-01
   9.45635080e-01  4.33840871e-01]
 [ 3.00000000e+00  1.23952795e-02 -3.36707197e-02  6.29091412e-02
   1.03541851e-01  3.41651917e-01]
 [ 3.00000000e+00  1.23126833e-02  6.83213353e-01  1.35608852e-01
   8.46898198e-01  4.44257975e-01]
 [ 3.00000000e+00  1.21558234e-02 -2.30479240e-02  7.79572874e-03
   9.63091701e-02  2.01247334e-01]
 [ 3.00000000e+00  1.20934332e-02  6.84053838e-01  2.94861913e-01
   8.45885575e-01  5.99244595e-01]
 [ 3.00000000e+00  1.20934332e-02  6.84053838e-01  4.52756643e-01
   8.45885575e-01  7.57139325e-01]
 [ 3.00000000e+00  1.20931072e-02  1.59626961e-01  1.94903210e-01
   3.17644536e-01  4.91474092e-01]
 [ 3.00000000e+00  1.20403487e-02  1.59801126e-01  3.53194952e-01
   3.17549407e-01  6.48919821e-01]
 [ 3.00000000e+00  1.20281419e-02  1.59803331e-01  5.11139870e-01
   3.17546397e-01  8.06848764e-01]
 [ 3.00000000e+00  1.17195491e-02 -3.42946239e-02  2.08154961e-01
   1.03524685e-01  4.97123301e-01]
 [ 3.00000000e+00  1.16893481e-02  2.66132861e-01 -1.89144686e-02
   4.32706326e-01  2.43697345e-01]
 [ 3.00000000e+00  1.16838617e-02  7.92929590e-01  2.98219383e-01
   9.46005642e-01  5.90783000e-01]
 [ 3.00000000e+00  1.16838561e-02  7.92929590e-01  4.56114084e-01
   9.46005642e-01  7.48677731e-01]
 [ 3.00000000e+00  1.16277942e-02 -3.40872891e-02  5.24251461e-01
   1.03474051e-01  8.13019037e-01]
 [ 3.00000000e+00  1.16243903e-02 -3.40737812e-02  3.66303205e-01
   1.03475884e-01  6.55129075e-01]
 [ 3.00000000e+00  1.16054751e-02  7.93241084e-01 -9.99967009e-03
   9.48909342e-01  2.42475003e-01]
 [ 3.00000000e+00  1.14599271e-02  5.82278192e-01 -1.93136483e-02
   7.48292744e-01  2.43671313e-01]
 [ 3.00000000e+00  1.14261145e-02  5.90792298e-02 -1.88518465e-02
   2.27824181e-01  1.84698522e-01]
 [ 3.00000000e+00  1.13954032e-02  3.71938050e-01 -1.92437172e-02
   5.37758887e-01  2.43767768e-01]
 [ 3.00000000e+00  1.13954032e-02  4.77201134e-01 -1.92437172e-02
   6.43022001e-01  2.43767768e-01]
 [ 3.00000000e+00  1.13098659e-02  7.81068921e-01  4.65066075e-01
   9.81967688e-01  9.86044645e-01]
 [ 3.00000000e+00  1.12577723e-02  6.77914977e-01  6.41755342e-01
   8.52792621e-01  9.56645250e-01]
 [ 3.00000000e+00  1.11380862e-02  7.89146483e-01  6.56675100e-01
   9.52013314e-01  9.44211364e-01]
 [ 3.00000000e+00  1.10313473e-02  8.69068325e-01  5.21883726e-01
   1.03733218e+00  7.20975995e-01]
 [ 3.00000000e+00  1.08896783e-02  2.11866081e-01  1.40190378e-01
   3.70862246e-01  4.42810893e-01]
 [ 3.00000000e+00  1.08503718e-02  6.32199585e-01  5.57987213e-01
   7.93016374e-01  8.63360763e-01]
 [ 3.00000000e+00  1.08277770e-02  6.32586718e-01  2.43609339e-01
   7.92169929e-01  5.46711206e-01]
 [ 3.00000000e+00  1.08277770e-02  6.32586718e-01  4.01504159e-01
   7.92169929e-01  7.04606056e-01]
 [ 3.00000000e+00  1.06390165e-02  2.12897316e-01  2.99724668e-01
   3.70105267e-01  5.97316861e-01]
 [ 3.00000000e+00  1.06390165e-02  2.12897316e-01  4.57619399e-01
   3.70105267e-01  7.55211592e-01]
 [ 3.00000000e+00  1.06209498e-02  7.37375498e-01  5.89771271e-01
   9.30943489e-01  1.13287830e+00]
 [ 3.00000000e+00  1.05708763e-02  3.25297594e-01 -4.85068187e-02
   4.86156583e-01  1.83132917e-01]
 [ 3.00000000e+00  1.05708763e-02  4.30560768e-01 -4.85068187e-02
   5.91419756e-01  1.83132917e-01]
 [ 3.00000000e+00  1.05708763e-02  5.35823941e-01 -4.85068187e-02
   6.96682930e-01  1.83132917e-01]
 [ 3.00000000e+00  1.05270892e-02  6.39644027e-01 -4.73541841e-02
   8.03031445e-01  1.85032219e-01]
 [ 3.00000000e+00  1.04721924e-02  8.54828179e-01  2.77572870e-03
   9.77685392e-01  1.89290106e-01]
 [ 3.00000000e+00  1.04158036e-02  1.02650337e-01  5.96992195e-01
   2.71316081e-01  9.02157724e-01]
 [ 3.00000000e+00  1.03650065e-02  1.01669185e-01  5.39363921e-03
   2.77012050e-01  2.80515015e-01]
 [ 3.00000000e+00  1.03272330e-02  2.18859404e-01 -4.47029248e-02
   3.82343501e-01  1.85304403e-01]
 [ 3.00000000e+00  1.01413541e-02  6.53964877e-01  7.05094755e-01
   9.61150169e-01  9.11715925e-01]
 [ 3.00000000e+00  1.01101184e-02  1.53924942e-01  6.49154723e-01
   3.24369520e-01  9.52851832e-01]
 [ 4.00000000e+00  4.40310352e-02  4.61292565e-02  1.61779523e-02
   9.81118321e-01  1.02458096e+00]
 [ 4.00000000e+00  2.64574699e-02 -1.25468373e-02  3.33853453e-01
   7.23438442e-01  5.55722058e-01]
 [ 4.00000000e+00  2.44284347e-02 -1.62488818e-02  2.32002437e-01
   7.33095407e-01  4.55985665e-01]
 [ 4.00000000e+00  2.36069001e-02 -1.33832693e-02  4.40739989e-01
   7.41777718e-01  6.58606887e-01]
 [ 4.00000000e+00  1.69941559e-02  4.43385512e-01  2.41359800e-01
   1.05270863e+00  4.60670680e-01]
 [ 4.00000000e+00  1.63147971e-02  3.22464257e-01  3.16307634e-01
   1.03684270e+00  5.84711671e-01]
 [ 4.00000000e+00  1.53075848e-02  3.22739244e-01  4.17608857e-01
   1.03372979e+00  6.87445998e-01]
 [ 4.00000000e+00  1.50787858e-02 -1.22357905e-02  1.26880288e-01
   7.32796550e-01  3.58010918e-01]
 [ 4.00000000e+00  1.36990044e-02  4.54120040e-01  2.83190966e-01
   8.12798142e-01  7.92335033e-01]
 [ 4.00000000e+00  1.25299403e-02 -2.97729075e-02  5.14129102e-01
   7.32644677e-01  7.80219376e-01]
 [ 4.00000000e+00  1.24481460e-02  4.00555223e-01  1.45767301e-01
   1.06140435e+00  3.57708722e-01]
 [ 4.00000000e+00  1.18788453e-02  2.24758625e-01  3.42730246e-02
   1.14149427e+00  1.45095274e-01]
 [ 5.00000000e+00  2.46566255e-02  2.47297585e-02  2.90545821e-02
   9.78137970e-01  9.81680095e-01]
 [ 5.00000000e+00  1.66818220e-02 -1.35996014e-01 -1.10220164e-01
   2.36304075e-01  4.06762511e-01]]
